pde, G, width, depth, run, loss, l2
allen-cahn, 5, 2, 1, 1, 0.04579583555459976, 0.9301889538764954
allen-cahn, 5, 2, 1, 2, 0.09552737325429916, 1.1223684549331665
allen-cahn, 5, 2, 1, 3, 0.05553080514073372, 0.9565193057060242
allen-cahn, 5, 2, 1, 4, 0.04382361099123955, 0.8749058246612549
allen-cahn, 5, 2, 1, 5, 0.04668140783905983, 0.8908272385597229
allen-cahn, 5, 4, 1, 1, 0.06305520981550217, 0.9839394688606262
allen-cahn, 5, 4, 1, 2, 0.02841213159263134, 0.7382745146751404
allen-cahn, 5, 4, 1, 3, 0.03392406180500984, 0.8381420969963074
allen-cahn, 5, 4, 1, 4, 0.03614112362265587, 0.774980902671814
allen-cahn, 5, 4, 1, 5, 0.04138491302728653, 0.7929432988166809
allen-cahn, 5, 8, 1, 1, 0.07164590805768967, 1.0445629358291626
allen-cahn, 5, 8, 1, 2, 0.019229615107178688, 0.631714940071106
allen-cahn, 5, 8, 1, 3, 0.02623787149786949, 0.7485312819480896
allen-cahn, 5, 8, 1, 4, 0.035118721425533295, 0.8302388787269592
allen-cahn, 5, 8, 1, 5, 0.02884732000529766, 0.7542216777801514
allen-cahn, 5, 16, 1, 1, 0.02156613953411579, 0.6932039260864258
allen-cahn, 5, 16, 1, 2, 0.01972966268658638, 0.6443056464195251
allen-cahn, 5, 16, 1, 3, 0.032393984496593475, 0.8401864171028137
allen-cahn, 5, 16, 1, 4, 0.021213514730334282, 0.6761032938957214
allen-cahn, 5, 16, 1, 5, 0.03607621043920517, 0.8379582762718201
allen-cahn, 5, 32, 1, 1, 0.02492012456059456, 0.7274256348609924
allen-cahn, 5, 32, 1, 2, 0.027791406959295273, 0.7611110210418701
allen-cahn, 5, 32, 1, 3, 0.03850845992565155, 0.8927422761917114
allen-cahn, 5, 32, 1, 4, 0.0400543138384819, 0.9109809398651123
allen-cahn, 5, 32, 1, 5, 0.02477080374956131, 0.726445198059082
allen-cahn, 5, 64, 1, 1, 0.033825039863586426, 0.8170168399810791
allen-cahn, 5, 64, 1, 2, 0.03874104470014572, 0.9265274405479431
allen-cahn, 5, 64, 1, 3, 0.06280320882797241, 0.9338696002960205
allen-cahn, 5, 64, 1, 4, 0.031237149611115456, 0.8117145895957947
allen-cahn, 5, 64, 1, 5, 0.03490908443927765, 0.8632489442825317
allen-cahn, 5, 2, 2, 1, 0.019564427435398102, 0.6037384867668152
allen-cahn, 5, 2, 2, 2, 0.9525984525680542, 0.8079688549041748
allen-cahn, 5, 2, 2, 3, 0.028521444648504257, 0.5614148378372192
allen-cahn, 5, 2, 2, 4, 0.01736508496105671, 0.5930586457252502
allen-cahn, 5, 2, 2, 5, 0.01621653512120247, 0.5572370886802673
allen-cahn, 5, 4, 2, 1, 0.01573598012328148, 0.541517972946167
allen-cahn, 5, 4, 2, 2, 0.01572697050869465, 0.5518379807472229
allen-cahn, 5, 4, 2, 3, 0.016621636226773262, 0.5651927590370178
allen-cahn, 5, 4, 2, 4, 0.017042649909853935, 0.5804810523986816
allen-cahn, 5, 4, 2, 5, 0.015905454754829407, 0.5457777380943298
allen-cahn, 5, 8, 2, 1, 0.016798805445432663, 0.5517630577087402
allen-cahn, 5, 8, 2, 2, 0.020188823342323303, 0.5782918930053711
allen-cahn, 5, 8, 2, 3, 0.015961293131113052, 0.5639349818229675
allen-cahn, 5, 8, 2, 4, 0.016226857900619507, 0.5773671269416809
allen-cahn, 5, 8, 2, 5, 0.016218388453125954, 0.5721892714500427
allen-cahn, 5, 16, 2, 1, 0.01630851998925209, 0.5834029316902161
allen-cahn, 5, 16, 2, 2, 0.0203753300011158, 0.5572869777679443
allen-cahn, 5, 16, 2, 3, 0.023492947220802307, 0.5796798467636108
allen-cahn, 5, 16, 2, 4, 0.01716000959277153, 0.585702657699585
allen-cahn, 5, 16, 2, 5, 0.01688941940665245, 0.5860235095024109
allen-cahn, 5, 32, 2, 1, 0.01648944802582264, 0.5693429112434387
allen-cahn, 5, 32, 2, 2, 0.017066722735762596, 0.5883141160011292
allen-cahn, 5, 32, 2, 3, 0.018389377743005753, 0.6024653911590576
allen-cahn, 5, 32, 2, 4, 0.017432259395718575, 0.6064906716346741
allen-cahn, 5, 32, 2, 5, 0.017751624807715416, 0.6194068789482117
allen-cahn, 5, 64, 2, 1, 0.04879404976963997, 0.680744469165802
allen-cahn, 5, 64, 2, 2, 0.01996491104364395, 0.6751534938812256
allen-cahn, 5, 64, 2, 3, 0.027793046087026596, 0.7720020413398743
allen-cahn, 5, 64, 2, 4, 0.01750723272562027, 0.6083613038063049
allen-cahn, 5, 64, 2, 5, 0.04513963684439659, 0.982414722442627
allen-cahn, 5, 2, 3, 1, 2.070972442626953, 0.9861904978752136
allen-cahn, 5, 2, 3, 2, 1.0383658409118652, 0.9215426445007324
allen-cahn, 5, 2, 3, 3, 0.5644273161888123, 0.7425311207771301
allen-cahn, 5, 2, 3, 4, 0.015431994572281837, 0.5330492854118347
allen-cahn, 5, 2, 3, 5, 0.015528658404946327, 0.5299763083457947
allen-cahn, 5, 4, 3, 1, 0.015913840383291245, 0.5408850908279419
allen-cahn, 5, 4, 3, 2, 0.015308591537177563, 0.5355973839759827
allen-cahn, 5, 4, 3, 3, 0.01588825322687626, 0.5342113971710205
allen-cahn, 5, 4, 3, 4, 0.016060810536146164, 0.5460511445999146
allen-cahn, 5, 4, 3, 5, 0.015471402555704117, 0.5356891751289368
allen-cahn, 5, 8, 3, 1, 0.011874206364154816, 0.3595615029335022
allen-cahn, 5, 8, 3, 2, 0.015247377566993237, 0.5421326756477356
allen-cahn, 5, 8, 3, 3, 0.01611923612654209, 0.533352792263031
allen-cahn, 5, 8, 3, 4, 0.015238114632666111, 0.5440149307250977
allen-cahn, 5, 8, 3, 5, 0.016262739896774292, 0.5864247679710388
allen-cahn, 5, 16, 3, 1, 0.0149136483669281, 0.5351735949516296
allen-cahn, 5, 16, 3, 2, 0.014867915771901608, 0.5217218995094299
allen-cahn, 5, 16, 3, 3, 0.017664551734924316, 0.5490203499794006
allen-cahn, 5, 16, 3, 4, 0.015620036981999874, 0.5521525144577026
allen-cahn, 5, 16, 3, 5, 0.018692173063755035, 0.5429452061653137
allen-cahn, 5, 32, 3, 1, 0.016379887238144875, 0.6051775813102722
allen-cahn, 5, 32, 3, 2, 1.9628331661224365, 1.0056169033050537
allen-cahn, 5, 32, 3, 3, 0.03886181861162186, 0.6815144419670105
allen-cahn, 5, 32, 3, 4, 0.42831581830978394, 0.800611674785614
allen-cahn, 5, 32, 3, 5, 0.016872161999344826, 0.6138755679130554
allen-cahn, 5, 64, 3, 1, 0.19081918895244598, 0.8111903667449951
allen-cahn, 5, 64, 3, 2, 0.04356379806995392, 0.9956378936767578
allen-cahn, 5, 64, 3, 3, 0.04420264810323715, 0.9550352692604065
allen-cahn, 5, 64, 3, 4, 0.030032293871045113, 0.5774526596069336
allen-cahn, 5, 64, 3, 5, 0.032793719321489334, 0.8153998851776123
allen-cahn, 5, 2, 4, 1, 0.016568420454859734, 0.5239788889884949
allen-cahn, 5, 2, 4, 2, 0.5227861404418945, 0.9112666249275208
allen-cahn, 5, 2, 4, 3, 0.015554413199424744, 0.5385686159133911
allen-cahn, 5, 2, 4, 4, 0.015378961339592934, 0.54225093126297
allen-cahn, 5, 2, 4, 5, 0.015269111841917038, 0.5325010418891907
allen-cahn, 5, 4, 4, 1, 0.0150920320302248, 0.532444417476654
allen-cahn, 5, 4, 4, 2, 0.015263067558407784, 0.5376136302947998
allen-cahn, 5, 4, 4, 3, 0.015295055694878101, 0.5361682176589966
allen-cahn, 5, 4, 4, 4, 0.015013436786830425, 0.5322034955024719
allen-cahn, 5, 4, 4, 5, 0.015523838810622692, 0.5282297134399414
allen-cahn, 5, 8, 4, 1, 0.01387585699558258, 0.4666413366794586
allen-cahn, 5, 8, 4, 2, 0.01529082003980875, 0.5359994173049927
allen-cahn, 5, 8, 4, 3, 0.014474817551672459, 0.5070058107376099
allen-cahn, 5, 8, 4, 4, 0.015132080763578415, 0.5297370553016663
allen-cahn, 5, 8, 4, 5, 0.013835717923939228, 0.44822070002555847
allen-cahn, 5, 16, 4, 1, 0.015026139095425606, 0.5658943057060242
allen-cahn, 5, 16, 4, 2, 0.016074880957603455, 0.5349482893943787
allen-cahn, 5, 16, 4, 3, 0.006040650419890881, 0.24093210697174072
allen-cahn, 5, 16, 4, 4, 0.028846967965364456, 0.5291794538497925
allen-cahn, 5, 16, 4, 5, 0.0009881607256829739, 0.14054149389266968
allen-cahn, 5, 32, 4, 1, 0.014261780306696892, 0.5435381531715393
allen-cahn, 5, 32, 4, 2, 0.02459254302084446, 0.6392578482627869
allen-cahn, 5, 32, 4, 3, 0.014970705844461918, 0.5297858715057373
allen-cahn, 5, 32, 4, 4, 0.015958094969391823, 0.553835391998291
allen-cahn, 5, 32, 4, 5, 0.015921885147690773, 0.6082209944725037
allen-cahn, 5, 64, 4, 1, 0.04730765148997307, 0.9957566261291504
allen-cahn, 5, 64, 4, 2, 0.018137719482183456, 0.6891794800758362
allen-cahn, 5, 64, 4, 3, 0.03454310819506645, 0.8806532025337219
allen-cahn, 5, 64, 4, 4, 0.01862071454524994, 0.6715952754020691
allen-cahn, 5, 64, 4, 5, 0.027271173894405365, 0.7777499556541443
allen-cahn, 10, 2, 1, 1, 2.6006174087524414, 0.9362679123878479
allen-cahn, 10, 2, 1, 2, 0.01672852225601673, 0.5616447329521179
allen-cahn, 10, 2, 1, 3, 0.016835439950227737, 0.6114585399627686
allen-cahn, 10, 2, 1, 4, 0.06554090976715088, 0.9518121480941772
allen-cahn, 10, 2, 1, 5, 0.017239678651094437, 0.6071852445602417
allen-cahn, 10, 4, 1, 1, 0.01650993339717388, 0.5597947239875793
allen-cahn, 10, 4, 1, 2, 0.01594763621687889, 0.5509201884269714
allen-cahn, 10, 4, 1, 3, 0.015578686259686947, 0.5460615754127502
allen-cahn, 10, 4, 1, 4, 0.016213444992899895, 0.5569499135017395
allen-cahn, 10, 4, 1, 5, 0.016102176159620285, 0.5487236976623535
allen-cahn, 10, 8, 1, 1, 0.015767468139529228, 0.529175341129303
allen-cahn, 10, 8, 1, 2, 0.016123007982969284, 0.5613330602645874
allen-cahn, 10, 8, 1, 3, 0.01601478084921837, 0.5584809184074402
allen-cahn, 10, 8, 1, 4, 0.023051904514431953, 0.7671561241149902
allen-cahn, 10, 8, 1, 5, 0.023519031703472137, 0.7663442492485046
allen-cahn, 10, 16, 1, 1, 0.016588833183050156, 0.5633022785186768
allen-cahn, 10, 16, 1, 2, 0.016164785251021385, 0.5482754707336426
allen-cahn, 10, 16, 1, 3, 0.020028721541166306, 0.6620373725891113
allen-cahn, 10, 16, 1, 4, 0.01665610447525978, 0.5734190940856934
allen-cahn, 10, 16, 1, 5, 0.0237103421241045, 0.7158299088478088
allen-cahn, 10, 32, 1, 1, 0.025369353592395782, 0.6826868057250977
allen-cahn, 10, 32, 1, 2, 0.020663367584347725, 0.6782323718070984
allen-cahn, 10, 32, 1, 3, 0.021942520514130592, 0.7080340385437012
allen-cahn, 10, 32, 1, 4, 0.019147954881191254, 0.649627149105072
allen-cahn, 10, 32, 1, 5, 0.024740589782595634, 0.7446301579475403
allen-cahn, 10, 64, 1, 1, 0.06179118901491165, 0.7179532647132874
allen-cahn, 10, 64, 1, 2, 0.02176838368177414, 0.7379727959632874
allen-cahn, 10, 64, 1, 3, 0.022298423573374748, 0.7469305992126465
allen-cahn, 10, 64, 1, 4, 0.02281975746154785, 0.7575141787528992
allen-cahn, 10, 64, 1, 5, 0.020721420645713806, 0.7327406406402588
allen-cahn, 10, 2, 2, 1, 0.9275891184806824, 0.9708607196807861
allen-cahn, 10, 2, 2, 2, 0.015270262956619263, 0.5392666459083557
allen-cahn, 10, 2, 2, 3, 0.014748241752386093, 0.5394296646118164
allen-cahn, 10, 2, 2, 4, 0.7973297834396362, 0.8912362456321716
allen-cahn, 10, 2, 2, 5, 1.3017427921295166, 0.9446491599082947
allen-cahn, 10, 4, 2, 1, 0.0035930557642132044, 0.23957231640815735
allen-cahn, 10, 4, 2, 2, 0.01520167849957943, 0.5212805271148682
allen-cahn, 10, 4, 2, 3, 0.015200195834040642, 0.5292791724205017
allen-cahn, 10, 4, 2, 4, 0.015268989838659763, 0.5243002772331238
allen-cahn, 10, 4, 2, 5, 0.0018206811510026455, 0.15368413925170898
allen-cahn, 10, 8, 2, 1, 0.0014614840038120747, 0.17634430527687073
allen-cahn, 10, 8, 2, 2, 0.01492619700729847, 0.5229222774505615
allen-cahn, 10, 8, 2, 3, 0.0010972231393679976, 0.14016704261302948
allen-cahn, 10, 8, 2, 4, 0.0014577803667634726, 0.21121704578399658
allen-cahn, 10, 8, 2, 5, 0.015441286377608776, 0.5280972719192505
allen-cahn, 10, 16, 2, 1, 0.013221410103142262, 0.5575999617576599
allen-cahn, 10, 16, 2, 2, 0.002401763340458274, 0.1427268236875534
allen-cahn, 10, 16, 2, 3, 0.01119934394955635, 0.33937525749206543
allen-cahn, 10, 16, 2, 4, 0.001072379993274808, 0.15624332427978516
allen-cahn, 10, 16, 2, 5, 0.0037708331365138292, 0.20154671370983124
allen-cahn, 10, 32, 2, 1, 0.021058041602373123, 0.5403351187705994
allen-cahn, 10, 32, 2, 2, 0.015598984435200691, 0.568208634853363
allen-cahn, 10, 32, 2, 3, 0.014554832130670547, 0.571986973285675
allen-cahn, 10, 32, 2, 4, 0.014455399475991726, 0.5402980446815491
allen-cahn, 10, 32, 2, 5, 0.02083708718419075, 0.5518770217895508
allen-cahn, 10, 64, 2, 1, 0.01373198814690113, 0.743526816368103
allen-cahn, 10, 64, 2, 2, 0.16564734280109406, 0.665231466293335
allen-cahn, 10, 64, 2, 3, 0.10478489845991135, 0.6953519582748413
allen-cahn, 10, 64, 2, 4, 1.3589223623275757, 1.2626688480377197
allen-cahn, 10, 64, 2, 5, 0.03052665665745735, 0.7693179845809937
allen-cahn, 10, 2, 3, 1, 0.08403719216585159, 0.9856857061386108
allen-cahn, 10, 2, 3, 2, 0.6725130081176758, 0.9021534323692322
allen-cahn, 10, 2, 3, 3, 0.4230635166168213, 1.0197421312332153
allen-cahn, 10, 2, 3, 4, 1.201243281364441, 1.0002038478851318
allen-cahn, 10, 2, 3, 5, 0.6290749907493591, 0.8620238900184631
allen-cahn, 10, 4, 3, 1, 0.015067323110997677, 0.5358179807662964
allen-cahn, 10, 4, 3, 2, 0.015027773566544056, 0.5211254358291626
allen-cahn, 10, 4, 3, 3, 0.014877024106681347, 0.5270012021064758
allen-cahn, 10, 4, 3, 4, 0.014733310788869858, 0.5120821595191956
allen-cahn, 10, 4, 3, 5, 0.008927046321332455, 0.9331684708595276
allen-cahn, 10, 8, 3, 1, 0.000633537769317627, 0.11088084429502487
allen-cahn, 10, 8, 3, 2, 0.0008124121814034879, 0.10482175648212433
allen-cahn, 10, 8, 3, 3, 0.0005754351150244474, 0.11609483510255814
allen-cahn, 10, 8, 3, 4, 0.0010710764909163117, 0.15454278886318207
allen-cahn, 10, 8, 3, 5, 0.014509867876768112, 0.5084457993507385
allen-cahn, 10, 16, 3, 1, 0.015013705007731915, 0.5102123022079468
allen-cahn, 10, 16, 3, 2, 0.014944976195693016, 0.5233221650123596
allen-cahn, 10, 16, 3, 3, 0.015254481695592403, 0.5352924466133118
allen-cahn, 10, 16, 3, 4, 0.01445803977549076, 0.5422569513320923
allen-cahn, 10, 16, 3, 5, 0.01459595374763012, 0.5109226703643799
allen-cahn, 10, 32, 3, 1, 0.013389836996793747, 0.4776642322540283
allen-cahn, 10, 32, 3, 2, 0.007883860729634762, 0.5424902439117432
allen-cahn, 10, 32, 3, 3, 0.0018844250589609146, 0.15895861387252808
allen-cahn, 10, 32, 3, 4, 0.3138340413570404, 0.7932581305503845
allen-cahn, 10, 32, 3, 5, 0.032876674085855484, 0.686496376991272
allen-cahn, 10, 64, 3, 1, 0.015438445843756199, 0.5855756402015686
allen-cahn, 10, 64, 3, 2, 0.02180762030184269, 0.6052100658416748
allen-cahn, 10, 64, 3, 3, 0.014117068611085415, 0.6809415817260742
allen-cahn, 10, 64, 3, 4, 0.022404920309782028, 0.7757143378257751
allen-cahn, 10, 64, 3, 5, 0.02236989699304104, 0.706291913986206
allen-cahn, 10, 2, 4, 1, 1.1302112340927124, 0.9913713932037354
allen-cahn, 10, 2, 4, 2, 0.6583634614944458, 0.9213091135025024
allen-cahn, 10, 2, 4, 3, 0.6290829181671143, 0.91070955991745
allen-cahn, 10, 2, 4, 4, 0.7181622982025146, 0.9201644062995911
allen-cahn, 10, 2, 4, 5, 0.8820385336875916, 0.9867395162582397
allen-cahn, 10, 4, 4, 1, 0.014717882499098778, 0.5183877348899841
allen-cahn, 10, 4, 4, 2, 0.030470624566078186, 0.8540600538253784
allen-cahn, 10, 4, 4, 3, 0.014728337526321411, 0.5209101438522339
allen-cahn, 10, 4, 4, 4, 0.014727029949426651, 0.5158281326293945
allen-cahn, 10, 4, 4, 5, 0.048032246530056, 0.9203684329986572
allen-cahn, 10, 8, 4, 1, 0.014346293173730373, 0.5117149353027344
allen-cahn, 10, 8, 4, 2, 0.005876299925148487, 0.2687532305717468
allen-cahn, 10, 8, 4, 3, 0.014745069667696953, 0.5203865766525269
allen-cahn, 10, 8, 4, 4, 0.001103677088394761, 0.13131432235240936
allen-cahn, 10, 8, 4, 5, 0.014776173047721386, 0.5167433619499207
allen-cahn, 10, 16, 4, 1, 0.014510180801153183, 0.5243983268737793
allen-cahn, 10, 16, 4, 2, 0.014397735707461834, 0.5174450278282166
allen-cahn, 10, 16, 4, 3, 0.014782913029193878, 0.5278160572052002
allen-cahn, 10, 16, 4, 4, 0.013868642970919609, 0.5319360494613647
allen-cahn, 10, 16, 4, 5, 0.014021188020706177, 0.517533004283905
allen-cahn, 10, 32, 4, 1, 0.012792856432497501, 0.5418903231620789
allen-cahn, 10, 32, 4, 2, 0.012065861374139786, 0.5524406433105469
allen-cahn, 10, 32, 4, 3, 0.015674352645874023, 0.5216172933578491
allen-cahn, 10, 32, 4, 4, 0.014268312603235245, 0.5338968634605408
allen-cahn, 10, 32, 4, 5, 0.01857600174844265, 0.5479921698570251
allen-cahn, 10, 64, 4, 1, 0.022274402901530266, 0.6010844111442566
allen-cahn, 10, 64, 4, 2, 0.01568416878581047, 0.5635920166969299
allen-cahn, 10, 64, 4, 3, 0.01592978462576866, 0.6794032454490662
allen-cahn, 10, 64, 4, 4, 0.013535110279917717, 0.619106113910675
allen-cahn, 10, 64, 4, 5, 0.018802130594849586, 0.6072582006454468
allen-cahn, 20, 2, 1, 1, 0.6809095144271851, 1.2370002269744873
allen-cahn, 20, 2, 1, 2, 0.62892746925354, 1.0007684230804443
allen-cahn, 20, 2, 1, 3, 0.014807363972067833, 0.5192014575004578
allen-cahn, 20, 2, 1, 4, 0.014928516931831837, 0.5150772929191589
allen-cahn, 20, 2, 1, 5, 0.5859746932983398, 1.0673104524612427
allen-cahn, 20, 4, 1, 1, 0.01515735499560833, 0.5193063616752625
allen-cahn, 20, 4, 1, 2, 0.08111930638551712, 0.9807794690132141
allen-cahn, 20, 4, 1, 3, 0.015240100212395191, 0.5308364033699036
allen-cahn, 20, 4, 1, 4, 0.015764838084578514, 0.5707152485847473
allen-cahn, 20, 4, 1, 5, 0.014941598288714886, 0.5043212175369263
allen-cahn, 20, 8, 1, 1, 0.01394026167690754, 0.46086645126342773
allen-cahn, 20, 8, 1, 2, 0.014257035218179226, 0.47567686438560486
allen-cahn, 20, 8, 1, 3, 0.004154157359153032, 0.18077901005744934
allen-cahn, 20, 8, 1, 4, 0.006165130063891411, 0.21627669036388397
allen-cahn, 20, 8, 1, 5, 0.01366760116070509, 0.4637549817562103
allen-cahn, 20, 16, 1, 1, 0.010751799680292606, 0.3436627686023712
allen-cahn, 20, 16, 1, 2, 0.0038772711995989084, 0.23303943872451782
allen-cahn, 20, 16, 1, 3, 0.0028848545625805855, 0.2005671113729477
allen-cahn, 20, 16, 1, 4, 0.015209391713142395, 0.5297356843948364
allen-cahn, 20, 16, 1, 5, 0.008409567177295685, 0.288359135389328
allen-cahn, 20, 32, 1, 1, 0.009372701868414879, 0.33553725481033325
allen-cahn, 20, 32, 1, 2, 0.009195693768560886, 0.37312087416648865
allen-cahn, 20, 32, 1, 3, 0.011667252518236637, 0.35865452885627747
allen-cahn, 20, 32, 1, 4, 0.004684451036155224, 0.26608380675315857
allen-cahn, 20, 32, 1, 5, 0.0037199247162789106, 0.2789835035800934
allen-cahn, 20, 64, 1, 1, 0.009041830897331238, 0.3888653814792633
allen-cahn, 20, 64, 1, 2, 0.014488857239484787, 0.5303574800491333
allen-cahn, 20, 64, 1, 3, 0.009707845747470856, 0.3907070457935333
allen-cahn, 20, 64, 1, 4, 0.0142859211191535, 0.5269044041633606
allen-cahn, 20, 64, 1, 5, 0.01194704044610262, 0.44130203127861023
allen-cahn, 20, 2, 2, 1, 0.1383797973394394, 1.0153216123580933
allen-cahn, 20, 2, 2, 2, 0.6794513463973999, 0.9792958498001099
allen-cahn, 20, 2, 2, 3, 0.9625577926635742, 0.9358249306678772
allen-cahn, 20, 2, 2, 4, 0.05552128702402115, 1.0911593437194824
allen-cahn, 20, 2, 2, 5, 0.014748110435903072, 0.5204480290412903
allen-cahn, 20, 4, 2, 1, 0.0492984913289547, 0.9931812882423401
allen-cahn, 20, 4, 2, 2, 0.008804017677903175, 0.9689833521842957
allen-cahn, 20, 4, 2, 3, 0.01433298084884882, 0.511920690536499
allen-cahn, 20, 4, 2, 4, 0.14991608262062073, 0.9724932312965393
allen-cahn, 20, 4, 2, 5, 0.011293742805719376, 0.8650954365730286
allen-cahn, 20, 8, 2, 1, 0.013004513457417488, 0.41192054748535156
allen-cahn, 20, 8, 2, 2, 0.00025283830473199487, 0.07802527397871017
allen-cahn, 20, 8, 2, 3, 0.013704480603337288, 0.47727465629577637
allen-cahn, 20, 8, 2, 4, 0.0004025557718705386, 0.09151172637939453
allen-cahn, 20, 8, 2, 5, 0.0006766752921976149, 0.15677732229232788
allen-cahn, 20, 16, 2, 1, 0.0003141472698189318, 0.09168041497468948
allen-cahn, 20, 16, 2, 2, 0.00027643973589874804, 0.08463866263628006
allen-cahn, 20, 16, 2, 3, 0.0001672658254392445, 0.07775671035051346
allen-cahn, 20, 16, 2, 4, 0.0004560525412671268, 0.0779813602566719
allen-cahn, 20, 16, 2, 5, 0.0004525373224169016, 0.13881945610046387
allen-cahn, 20, 32, 2, 1, 0.005914593115448952, 0.5610326528549194
allen-cahn, 20, 32, 2, 2, 0.0009832193609327078, 0.14029066264629364
allen-cahn, 20, 32, 2, 3, 0.012787558138370514, 0.4520777463912964
allen-cahn, 20, 32, 2, 4, 0.0014677682192996144, 0.1166161522269249
allen-cahn, 20, 32, 2, 5, 0.0007869335822761059, 0.14166788756847382
allen-cahn, 20, 64, 2, 1, 0.10688193142414093, 0.6703344583511353
allen-cahn, 20, 64, 2, 2, 0.016576601192355156, 0.6024240851402283
allen-cahn, 20, 64, 2, 3, 0.014384962618350983, 0.6673399806022644
allen-cahn, 20, 64, 2, 4, 0.5268654227256775, 1.262340784072876
allen-cahn, 20, 64, 2, 5, 0.012348499149084091, 0.6499236226081848
allen-cahn, 20, 2, 3, 1, 0.431131511926651, 1.0289093255996704
allen-cahn, 20, 2, 3, 2, 0.4255484938621521, 0.9192351698875427
allen-cahn, 20, 2, 3, 3, 0.1086411327123642, 0.9103782773017883
allen-cahn, 20, 2, 3, 4, 0.2851429581642151, 0.9327755570411682
allen-cahn, 20, 2, 3, 5, 0.4940474331378937, 0.9682876467704773
allen-cahn, 20, 4, 3, 1, 0.010083669796586037, 0.9292635321617126
allen-cahn, 20, 4, 3, 2, 0.0435936339199543, 0.909321665763855
allen-cahn, 20, 4, 3, 3, 0.013286963105201721, 0.8717911243438721
allen-cahn, 20, 4, 3, 4, 0.008268995210528374, 0.8920274376869202
allen-cahn, 20, 4, 3, 5, 0.013828330673277378, 0.921729326248169
allen-cahn, 20, 8, 3, 1, 0.004283933900296688, 0.8608047962188721
allen-cahn, 20, 8, 3, 2, 0.00022245926083996892, 0.09741605818271637
allen-cahn, 20, 8, 3, 3, 0.007908196188509464, 0.848495364189148
allen-cahn, 20, 8, 3, 4, 0.10747131705284119, 0.8899999856948853
allen-cahn, 20, 8, 3, 5, 0.0033513905946165323, 0.8397283554077148
allen-cahn, 20, 16, 3, 1, 0.003388175740838051, 0.11854563653469086
allen-cahn, 20, 16, 3, 2, 0.0005005898419767618, 0.20384806394577026
allen-cahn, 20, 16, 3, 3, 0.01842300221323967, 0.4945862889289856
allen-cahn, 20, 16, 3, 4, 0.012184730730950832, 0.39564648270606995
allen-cahn, 20, 16, 3, 5, 0.0002760736388154328, 0.24528443813323975
allen-cahn, 20, 32, 3, 1, 0.01856614090502262, 0.8427380323410034
allen-cahn, 20, 32, 3, 2, 0.034502703696489334, 0.8208465576171875
allen-cahn, 20, 32, 3, 3, 0.033040329813957214, 0.8364397883415222
allen-cahn, 20, 32, 3, 4, 0.0024757746141403913, 0.69753497838974
allen-cahn, 20, 32, 3, 5, 0.09542256593704224, 0.8135901093482971
allen-cahn, 20, 64, 3, 1, 0.24993762373924255, 0.7909995317459106
allen-cahn, 20, 64, 3, 2, 0.0055510238744318485, 0.5407915711402893
allen-cahn, 20, 64, 3, 3, 1.2906492948532104, 0.9586685299873352
allen-cahn, 20, 64, 3, 4, 0.2897450625896454, 0.7499061226844788
allen-cahn, 20, 64, 3, 5, 0.012611324898898602, 0.5175830125808716
allen-cahn, 20, 2, 4, 1, 0.4679776728153229, 0.9541711807250977
allen-cahn, 20, 2, 4, 2, 0.8988176584243774, 0.9609954953193665
allen-cahn, 20, 2, 4, 3, 0.2789197564125061, 0.9263924956321716
allen-cahn, 20, 2, 4, 4, 0.08704736828804016, 0.8908475041389465
allen-cahn, 20, 2, 4, 5, 0.07631794363260269, 0.9549500346183777
allen-cahn, 20, 4, 4, 1, 0.017880652099847794, 0.8446074724197388
allen-cahn, 20, 4, 4, 2, 0.01357506774365902, 0.8449861407279968
allen-cahn, 20, 4, 4, 3, 0.042536694556474686, 0.8448911309242249
allen-cahn, 20, 4, 4, 4, 0.2551535964012146, 0.8746565580368042
allen-cahn, 20, 4, 4, 5, 0.040103547275066376, 0.8216500878334045
allen-cahn, 20, 8, 4, 1, 0.22099345922470093, 0.8593747615814209
allen-cahn, 20, 8, 4, 2, 0.020427878946065903, 0.8374102711677551
allen-cahn, 20, 8, 4, 3, 0.00313120661303401, 0.8437902331352234
allen-cahn, 20, 8, 4, 4, 0.012279408983886242, 0.5500397682189941
allen-cahn, 20, 8, 4, 5, 0.04493076726794243, 0.8770596385002136
allen-cahn, 20, 16, 4, 1, 0.21510550379753113, 0.9454391598701477
allen-cahn, 20, 16, 4, 2, 0.1008819043636322, 0.8351184725761414
allen-cahn, 20, 16, 4, 3, 0.020213745534420013, 0.9206122159957886
allen-cahn, 20, 16, 4, 4, 0.007360788062214851, 0.8171736598014832
allen-cahn, 20, 16, 4, 5, 0.8252899646759033, 0.9560621976852417
allen-cahn, 20, 32, 4, 1, 0.25785988569259644, 0.8891355395317078
allen-cahn, 20, 32, 4, 2, 0.13950634002685547, 0.8288693428039551
allen-cahn, 20, 32, 4, 3, 0.007332695182412863, 0.7824223637580872
allen-cahn, 20, 32, 4, 4, 1.2344093322753906, 0.9046503305435181
allen-cahn, 20, 32, 4, 5, 0.012192278169095516, 0.7725687623023987
allen-cahn, 20, 64, 4, 1, 0.19713419675827026, 0.8582054972648621
allen-cahn, 20, 64, 4, 2, 0.013452449813485146, 0.5147415995597839
allen-cahn, 20, 64, 4, 3, 0.17531552910804749, 0.8520402908325195
allen-cahn, 20, 64, 4, 4, 0.17719778418540955, 0.8799065947532654
allen-cahn, 20, 64, 4, 5, 0.8391177654266357, 0.895747184753418
burgers, 5, 2, 1, 1, 2.7169594764709473, 0.4967231750488281
burgers, 5, 2, 1, 2, 2.380396842956543, 0.455488920211792
burgers, 5, 2, 1, 3, 2.0358338356018066, 0.4629809856414795
burgers, 5, 2, 1, 4, 1.9972667694091797, 0.4727877974510193
burgers, 5, 2, 1, 5, 2.238065242767334, 0.46946990489959717
burgers, 5, 4, 1, 1, 0.3671555519104004, 0.23723942041397095
burgers, 5, 4, 1, 2, 0.5393577218055725, 0.2818640470504761
burgers, 5, 4, 1, 3, 0.4924491047859192, 0.2550315260887146
burgers, 5, 4, 1, 4, 0.4223255515098572, 0.23768362402915955
burgers, 5, 4, 1, 5, 2.153501033782959, 0.43862706422805786
burgers, 5, 8, 1, 1, 0.26986825466156006, 0.20143668353557587
burgers, 5, 8, 1, 2, 0.28628531098365784, 0.3299981951713562
burgers, 5, 8, 1, 3, 0.2653251886367798, 0.21003900468349457
burgers, 5, 8, 1, 4, 0.20422933995723724, 0.1981825828552246
burgers, 5, 8, 1, 5, 0.2018091231584549, 0.190046027302742
burgers, 5, 16, 1, 1, 0.18754294514656067, 0.18237929046154022
burgers, 5, 16, 1, 2, 0.16177316009998322, 0.1738988608121872
burgers, 5, 16, 1, 3, 1.8127357959747314, 0.42623886466026306
burgers, 5, 16, 1, 4, 0.10913613438606262, 0.1525425761938095
burgers, 5, 16, 1, 5, 1.731608510017395, 0.453506201505661
burgers, 5, 32, 1, 1, 0.2870464324951172, 0.22412964701652527
burgers, 5, 32, 1, 2, 0.07459366321563721, 0.15758363902568817
burgers, 5, 32, 1, 3, 0.15189801156520844, 0.18333792686462402
burgers, 5, 32, 1, 4, 0.0808868259191513, 0.15515343844890594
burgers, 5, 32, 1, 5, 1.4357895851135254, 0.35163864493370056
burgers, 5, 64, 1, 1, 0.15601412951946259, 0.179330512881279
burgers, 5, 64, 1, 2, 0.07504887878894806, 0.15060243010520935
burgers, 5, 64, 1, 3, 0.28541773557662964, 0.17454572021961212
burgers, 5, 64, 1, 4, 1.6746041774749756, 0.4106445014476776
burgers, 5, 64, 1, 5, 0.08269792050123215, 0.14701680839061737
burgers, 5, 2, 2, 1, 0.5662542581558228, 0.2336733341217041
burgers, 5, 2, 2, 2, 0.6539913415908813, 0.30551549792289734
burgers, 5, 2, 2, 3, 0.5913149118423462, 0.28979989886283875
burgers, 5, 2, 2, 4, 0.4593594968318939, 0.4588679373264313
burgers, 5, 2, 2, 5, 1.0421063899993896, 0.31866446137428284
burgers, 5, 4, 2, 1, 0.12865883111953735, 0.32758966088294983
burgers, 5, 4, 2, 2, 0.07111414521932602, 0.14705592393875122
burgers, 5, 4, 2, 3, 0.10037313401699066, 0.1563214659690857
burgers, 5, 4, 2, 4, 0.14976832270622253, 0.16241730749607086
burgers, 5, 4, 2, 5, 0.11554674804210663, 0.1548016369342804
burgers, 5, 8, 2, 1, 0.022291135042905807, 0.1421012580394745
burgers, 5, 8, 2, 2, 0.09302471578121185, 0.1446252316236496
burgers, 5, 8, 2, 3, 0.031133536249399185, 0.1416109949350357
burgers, 5, 8, 2, 4, 0.17343203723430634, 0.13992667198181152
burgers, 5, 8, 2, 5, 0.11343741416931152, 0.14724138379096985
burgers, 5, 16, 2, 1, 0.02063925936818123, 0.1400914341211319
burgers, 5, 16, 2, 2, 0.13042481243610382, 0.14378836750984192
burgers, 5, 16, 2, 3, 0.07613856345415115, 0.1453380435705185
burgers, 5, 16, 2, 4, 0.034895945340394974, 0.14510682225227356
burgers, 5, 16, 2, 5, 0.11282920092344284, 0.3300832509994507
burgers, 5, 32, 2, 1, 0.04042667895555496, 0.14044000208377838
burgers, 5, 32, 2, 2, 0.03485085815191269, 0.14335887134075165
burgers, 5, 32, 2, 3, 0.10693823546171188, 0.14553160965442657
burgers, 5, 32, 2, 4, 0.058612700551748276, 0.15297816693782806
burgers, 5, 32, 2, 5, 0.036494821310043335, 0.14264580607414246
burgers, 5, 64, 2, 1, 0.10255640745162964, 0.15899790823459625
burgers, 5, 64, 2, 2, 0.640900731086731, 0.5253541469573975
burgers, 5, 64, 2, 3, 0.04677778109908104, 0.14289677143096924
burgers, 5, 64, 2, 4, 0.7174763083457947, 0.5809215903282166
burgers, 5, 64, 2, 5, 0.3016805648803711, 0.16099534928798676
burgers, 5, 2, 3, 1, 0.5696249008178711, 0.22332605719566345
burgers, 5, 2, 3, 2, 0.18487703800201416, 0.15261420607566833
burgers, 5, 2, 3, 3, 0.6604486703872681, 0.24970409274101257
burgers, 5, 2, 3, 4, 0.8695886135101318, 0.3677932620048523
burgers, 5, 2, 3, 5, 0.36969947814941406, 0.19077108800411224
burgers, 5, 4, 3, 1, 0.14253436028957367, 0.3293193578720093
burgers, 5, 4, 3, 2, 0.10774306952953339, 0.15165017545223236
burgers, 5, 4, 3, 3, 0.0874624028801918, 0.14481641352176666
burgers, 5, 4, 3, 4, 0.03644487261772156, 0.14481447637081146
burgers, 5, 4, 3, 5, 0.18933363258838654, 0.33381912112236023
burgers, 5, 8, 3, 1, 0.06816400587558746, 0.13301052153110504
burgers, 5, 8, 3, 2, 0.033242590725421906, 0.1476421356201172
burgers, 5, 8, 3, 3, 0.1068120002746582, 0.33303382992744446
burgers, 5, 8, 3, 4, 0.08987013250589371, 0.33373701572418213
burgers, 5, 8, 3, 5, 0.1449817419052124, 0.23313064873218536
burgers, 5, 16, 3, 1, 0.009690884500741959, 0.1690109521150589
burgers, 5, 16, 3, 2, 0.03324788808822632, 0.14416766166687012
burgers, 5, 16, 3, 3, 0.0016213327180594206, 0.15499021112918854
burgers, 5, 16, 3, 4, 0.06620751321315765, 0.411469966173172
burgers, 5, 16, 3, 5, 0.10276994109153748, 0.32092899084091187
burgers, 5, 32, 3, 1, 0.002722610952332616, 0.26014116406440735
burgers, 5, 32, 3, 2, 0.022422853857278824, 0.4443571865558624
burgers, 5, 32, 3, 3, 0.0016367339994758368, 0.5411641001701355
burgers, 5, 32, 3, 4, 0.004500655923038721, 0.11592832952737808
burgers, 5, 32, 3, 5, 0.011725530959665775, 0.06325212121009827
burgers, 5, 64, 3, 1, 0.0255760345607996, 0.139222651720047
burgers, 5, 64, 3, 2, 0.0011950972257182002, 0.1328619122505188
burgers, 5, 64, 3, 3, 0.035614464432001114, 0.2396710366010666
burgers, 5, 64, 3, 4, 0.00027607905212789774, 0.20798733830451965
burgers, 5, 64, 3, 5, 0.003901141230016947, 0.14871270954608917
burgers, 5, 2, 4, 1, 0.9262670278549194, 0.4711693823337555
burgers, 5, 2, 4, 2, 0.6201246976852417, 0.37054094672203064
burgers, 5, 2, 4, 3, 0.8906417489051819, 0.31866687536239624
burgers, 5, 2, 4, 4, 0.4757143259048462, 0.20915725827217102
burgers, 5, 2, 4, 5, 0.5056818723678589, 0.2671456038951874
burgers, 5, 4, 4, 1, 0.021217944100499153, 0.2688271105289459
burgers, 5, 4, 4, 2, 0.051723260432481766, 0.1572742909193039
burgers, 5, 4, 4, 3, 0.03733918070793152, 0.1554766148328781
burgers, 5, 4, 4, 4, 0.05081643909215927, 0.13902704417705536
burgers, 5, 4, 4, 5, 0.041319191455841064, 0.17812561988830566
burgers, 5, 8, 4, 1, 0.0039000599645078182, 0.04882126674056053
burgers, 5, 8, 4, 2, 0.17220646142959595, 0.33394888043403625
burgers, 5, 8, 4, 3, 0.04863981530070305, 0.38618844747543335
burgers, 5, 8, 4, 4, 0.008266104385256767, 0.12759289145469666
burgers, 5, 8, 4, 5, 0.12157873809337616, 0.44218650460243225
burgers, 5, 16, 4, 1, 0.003729060525074601, 0.18743425607681274
burgers, 5, 16, 4, 2, 0.003500900696963072, 0.5266351103782654
burgers, 5, 16, 4, 3, 0.530525803565979, 0.3588096797466278
burgers, 5, 16, 4, 4, 0.05265456438064575, 0.3080636262893677
burgers, 5, 16, 4, 5, 0.09628168493509293, 0.3565339744091034
burgers, 5, 32, 4, 1, 0.0006488275248557329, 0.11192373931407928
burgers, 5, 32, 4, 2, 0.01817292906343937, 0.4806548058986664
burgers, 5, 32, 4, 3, 0.040084026753902435, 0.17931924760341644
burgers, 5, 32, 4, 4, 0.19760262966156006, 0.5146476030349731
burgers, 5, 32, 4, 5, 0.33567556738853455, 0.5153366327285767
burgers, 5, 64, 4, 1, 0.8986934423446655, 0.494083434343338
burgers, 5, 64, 4, 2, 0.0009970024693757296, 0.25637006759643555
burgers, 5, 64, 4, 3, 0.001985154114663601, 0.0635179877281189
burgers, 5, 64, 4, 4, 0.0008352173608727753, 0.06730876117944717
burgers, 5, 64, 4, 5, 0.22096627950668335, 0.37488409876823425
burgers, 10, 2, 1, 1, 0.6630610823631287, 0.2921738624572754
burgers, 10, 2, 1, 2, 0.6681166291236877, 0.26363405585289
burgers, 10, 2, 1, 3, 0.8945326209068298, 0.3886353075504303
burgers, 10, 2, 1, 4, 0.7580219507217407, 0.322307288646698
burgers, 10, 2, 1, 5, 0.6534065008163452, 0.2787904441356659
burgers, 10, 4, 1, 1, 0.09841644763946533, 0.1582251787185669
burgers, 10, 4, 1, 2, 0.2603197693824768, 0.33746138215065
burgers, 10, 4, 1, 3, 0.1924632042646408, 0.3310478925704956
burgers, 10, 4, 1, 4, 0.17143085598945618, 0.3291456699371338
burgers, 10, 4, 1, 5, 0.2252863496541977, 0.1957695633172989
burgers, 10, 8, 1, 1, 0.11082766950130463, 0.43537160754203796
burgers, 10, 8, 1, 2, 0.10319215059280396, 0.3287665843963623
burgers, 10, 8, 1, 3, 0.07270883023738861, 0.3262362778186798
burgers, 10, 8, 1, 4, 0.38322803378105164, 0.4400221109390259
burgers, 10, 8, 1, 5, 0.042838484048843384, 0.14789393544197083
burgers, 10, 16, 1, 1, 0.044414374977350235, 0.32706883549690247
burgers, 10, 16, 1, 2, 0.045552320778369904, 0.3281099796295166
burgers, 10, 16, 1, 3, 0.029048113152384758, 0.14601725339889526
burgers, 10, 16, 1, 4, 0.0630936250090599, 0.3316971957683563
burgers, 10, 16, 1, 5, 0.05370163172483444, 0.14984415471553802
burgers, 10, 32, 1, 1, 0.013908147811889648, 0.14038223028182983
burgers, 10, 32, 1, 2, 0.03268545866012573, 0.14906485378742218
burgers, 10, 32, 1, 3, 0.02706664800643921, 0.146068274974823
burgers, 10, 32, 1, 4, 0.04713459685444832, 0.1507815420627594
burgers, 10, 32, 1, 5, 0.014987444505095482, 0.14053678512573242
burgers, 10, 64, 1, 1, 0.045636408030986786, 0.14898358285427094
burgers, 10, 64, 1, 2, 0.041881583631038666, 0.14408668875694275
burgers, 10, 64, 1, 3, 0.0732412040233612, 0.16111749410629272
burgers, 10, 64, 1, 4, 0.10336898267269135, 0.1504795104265213
burgers, 10, 64, 1, 5, 0.023867469280958176, 0.1434076875448227
burgers, 10, 2, 2, 1, 0.3658222556114197, 0.29087701439857483
burgers, 10, 2, 2, 2, 0.22251491248607635, 0.33430707454681396
burgers, 10, 2, 2, 3, 0.5358356237411499, 0.4410493075847626
burgers, 10, 2, 2, 4, 0.20398056507110596, 0.17471759021282196
burgers, 10, 2, 2, 5, 0.5074417591094971, 0.23093630373477936
burgers, 10, 4, 2, 1, 0.033836252987384796, 0.32209470868110657
burgers, 10, 4, 2, 2, 0.12594497203826904, 0.32880401611328125
burgers, 10, 4, 2, 3, 0.024854708462953568, 0.31427887082099915
burgers, 10, 4, 2, 4, 0.02835610881447792, 0.14255204796791077
burgers, 10, 4, 2, 5, 0.03800829127430916, 0.14683964848518372
burgers, 10, 8, 2, 1, 0.02348422072827816, 0.13822074234485626
burgers, 10, 8, 2, 2, 0.012490333989262581, 0.1410205364227295
burgers, 10, 8, 2, 3, 0.0108344042673707, 0.13870854675769806
burgers, 10, 8, 2, 4, 0.004542061127722263, 0.14068737626075745
burgers, 10, 8, 2, 5, 0.011415006592869759, 0.31630706787109375
burgers, 10, 16, 2, 1, 0.24863164126873016, 0.3255789875984192
burgers, 10, 16, 2, 2, 0.09767013788223267, 0.32343700528144836
burgers, 10, 16, 2, 3, 0.012209039181470871, 0.14048190414905548
burgers, 10, 16, 2, 4, 0.03418150544166565, 0.13914233446121216
burgers, 10, 16, 2, 5, 0.01569294184446335, 0.1970408707857132
burgers, 10, 32, 2, 1, 0.03329559415578842, 0.141951784491539
burgers, 10, 32, 2, 2, 0.014251862652599812, 0.0626867488026619
burgers, 10, 32, 2, 3, 0.003426740411669016, 0.12223272025585175
burgers, 10, 32, 2, 4, 0.040395330637693405, 0.09949962049722672
burgers, 10, 32, 2, 5, 0.014622030779719353, 0.13413558900356293
burgers, 10, 64, 2, 1, 0.013767377473413944, 0.2967604696750641
burgers, 10, 64, 2, 2, 0.02181113511323929, 0.4325267970561981
burgers, 10, 64, 2, 3, 0.022303404286503792, 0.3020506203174591
burgers, 10, 64, 2, 4, 0.007150878198444843, 0.1365620493888855
burgers, 10, 64, 2, 5, 0.0447506308555603, 0.3506053686141968
burgers, 10, 2, 3, 1, 0.39441418647766113, 0.16295987367630005
burgers, 10, 2, 3, 2, 0.4259638786315918, 0.3445352613925934
burgers, 10, 2, 3, 3, 0.2929415702819824, 0.2919922471046448
burgers, 10, 2, 3, 4, 0.14612771570682526, 0.49016329646110535
burgers, 10, 2, 3, 5, 0.20784135162830353, 0.27991151809692383
burgers, 10, 4, 3, 1, 0.014972919598221779, 0.12927259504795074
burgers, 10, 4, 3, 2, 0.03331991285085678, 0.31731948256492615
burgers, 10, 4, 3, 3, 0.011298242025077343, 0.3103256821632385
burgers, 10, 4, 3, 4, 0.02435597963631153, 0.1440085619688034
burgers, 10, 4, 3, 5, 0.014066438190639019, 0.14181053638458252
burgers, 10, 8, 3, 1, 0.002012037904933095, 0.2924208641052246
burgers, 10, 8, 3, 2, 0.09284596145153046, 0.17524784803390503
burgers, 10, 8, 3, 3, 0.012823499739170074, 0.3924432694911957
burgers, 10, 8, 3, 4, 0.0029951916076242924, 0.35918232798576355
burgers, 10, 8, 3, 5, 0.024217167869210243, 0.4332408308982849
burgers, 10, 16, 3, 1, 0.005360172130167484, 0.4118921458721161
burgers, 10, 16, 3, 2, 0.0023771573323756456, 0.323337197303772
burgers, 10, 16, 3, 3, 0.0026179321575909853, 0.3876374363899231
burgers, 10, 16, 3, 4, 0.013424176722764969, 0.20002754032611847
burgers, 10, 16, 3, 5, 0.0015709116123616695, 0.2747153043746948
burgers, 10, 32, 3, 1, 0.09503299742937088, 0.1930294632911682
burgers, 10, 32, 3, 2, 0.0006054661935195327, 0.2926114797592163
burgers, 10, 32, 3, 3, 0.6274480819702148, 0.30666548013687134
burgers, 10, 32, 3, 4, 0.0007239298429340124, 0.2479977011680603
burgers, 10, 32, 3, 5, 0.00906507670879364, 0.4031239151954651
burgers, 10, 64, 3, 1, 0.0002663549967110157, 0.17487162351608276
burgers, 10, 64, 3, 2, 0.00036026883753947914, 0.27820494771003723
burgers, 10, 64, 3, 3, 0.0009041265584528446, 0.2884242534637451
burgers, 10, 64, 3, 4, 0.0010619544191285968, 0.3819881081581116
burgers, 10, 64, 3, 5, 0.8904892802238464, 0.42900335788726807
burgers, 10, 2, 4, 1, 0.23286005854606628, 0.16561740636825562
burgers, 10, 2, 4, 2, 0.4079573452472687, 0.33203503489494324
burgers, 10, 2, 4, 3, 0.13900046050548553, 0.311127632856369
burgers, 10, 2, 4, 4, 0.25310736894607544, 0.3690759241580963
burgers, 10, 2, 4, 5, 0.2094012051820755, 0.4182111322879791
burgers, 10, 4, 4, 1, 0.04567808657884598, 0.34861379861831665
burgers, 10, 4, 4, 2, 0.012426933273673058, 0.4807106852531433
burgers, 10, 4, 4, 3, 0.02789311856031418, 0.5970280170440674
burgers, 10, 4, 4, 4, 0.015801070258021355, 0.24587103724479675
burgers, 10, 4, 4, 5, 0.042915936559438705, 0.5127869844436646
burgers, 10, 8, 4, 1, 0.01140194945037365, 0.1730673462152481
burgers, 10, 8, 4, 2, 0.0018756610807031393, 0.0629756823182106
burgers, 10, 8, 4, 3, 0.004649299196898937, 0.3932790160179138
burgers, 10, 8, 4, 4, 0.001124492147937417, 0.27101758122444153
burgers, 10, 8, 4, 5, 0.008460148237645626, 0.5716574192047119
burgers, 10, 16, 4, 1, 0.0007395456777885556, 0.1679559350013733
burgers, 10, 16, 4, 2, 0.001518560922704637, 0.36957117915153503
burgers, 10, 16, 4, 3, 0.4453551769256592, 0.36407899856567383
burgers, 10, 16, 4, 4, 0.0057826898992061615, 0.331510990858078
burgers, 10, 16, 4, 5, 0.003201836720108986, 0.36766317486763
burgers, 10, 32, 4, 1, 0.0007926503894850612, 0.4284715950489044
burgers, 10, 32, 4, 2, 0.16483086347579956, 0.5168307423591614
burgers, 10, 32, 4, 3, 0.0007265667663887143, 0.3861769437789917
burgers, 10, 32, 4, 4, 0.31897929310798645, 0.3736738860607147
burgers, 10, 32, 4, 5, 0.04002346098423004, 0.4197953939437866
burgers, 10, 64, 4, 1, 0.2504664659500122, 0.4898936152458191
burgers, 10, 64, 4, 2, 0.00024991686223074794, 0.20082718133926392
burgers, 10, 64, 4, 3, 0.0002430523163639009, 0.3428041636943817
burgers, 10, 64, 4, 4, 0.00022713311773259193, 0.38756006956100464
burgers, 10, 64, 4, 5, 0.4399665594100952, 0.2784002125263214
burgers, 20, 2, 1, 1, 0.7169273495674133, 0.2429639846086502
burgers, 20, 2, 1, 2, 0.6388334035873413, 0.23713091015815735
burgers, 20, 2, 1, 3, 0.7726868391036987, 0.33691614866256714
burgers, 20, 2, 1, 4, 0.8858566880226135, 0.37458303570747375
burgers, 20, 2, 1, 5, 0.6429337859153748, 0.36566266417503357
burgers, 20, 4, 1, 1, 0.07147902995347977, 0.31949582695961
burgers, 20, 4, 1, 2, 0.08278614282608032, 0.1502741575241089
burgers, 20, 4, 1, 3, 0.10122178494930267, 0.3229112923145294
burgers, 20, 4, 1, 4, 0.06809493899345398, 0.3222249150276184
burgers, 20, 4, 1, 5, 0.05723439157009125, 0.1501234471797943
burgers, 20, 8, 1, 1, 0.02080671489238739, 0.42279645800590515
burgers, 20, 8, 1, 2, 0.010070674121379852, 0.14431875944137573
burgers, 20, 8, 1, 3, 0.014206299558281898, 0.3195084035396576
burgers, 20, 8, 1, 4, 0.0062193432822823524, 0.3200836777687073
burgers, 20, 8, 1, 5, 0.01712794229388237, 0.32138025760650635
burgers, 20, 16, 1, 1, 0.001665768912062049, 0.3189331889152527
burgers, 20, 16, 1, 2, 0.0037337627727538347, 0.3176097571849823
burgers, 20, 16, 1, 3, 0.00704097980633378, 0.13650591671466827
burgers, 20, 16, 1, 4, 0.0024196321610361338, 0.31477928161621094
burgers, 20, 16, 1, 5, 0.0025557877961546183, 0.32070931792259216
burgers, 20, 32, 1, 1, 0.00042944535380229354, 0.1396770179271698
burgers, 20, 32, 1, 2, 0.0015526919160038233, 0.14159230887889862
burgers, 20, 32, 1, 3, 0.013803302310407162, 0.31282031536102295
burgers, 20, 32, 1, 4, 0.00345030939206481, 0.14321072399616241
burgers, 20, 32, 1, 5, 0.0013461853377521038, 0.13861164450645447
burgers, 20, 64, 1, 1, 0.0016659500543028116, 0.13605286180973053
burgers, 20, 64, 1, 2, 0.01341701578348875, 0.13731491565704346
burgers, 20, 64, 1, 3, 0.006241822149604559, 0.1373346894979477
burgers, 20, 64, 1, 4, 0.008414682000875473, 0.14072129130363464
burgers, 20, 64, 1, 5, 0.0008947959868237376, 0.13972198963165283
burgers, 20, 2, 2, 1, 0.2868605852127075, 0.32471370697021484
burgers, 20, 2, 2, 2, 0.058178678154945374, 0.3392215073108673
burgers, 20, 2, 2, 3, 0.28609782457351685, 0.34364739060401917
burgers, 20, 2, 2, 4, 0.34622499346733093, 0.43484440445899963
burgers, 20, 2, 2, 5, 0.16423913836479187, 0.4485298991203308
burgers, 20, 4, 2, 1, 0.0026049590669572353, 0.22005735337734222
burgers, 20, 4, 2, 2, 0.009745754301548004, 0.1455645114183426
burgers, 20, 4, 2, 3, 0.0048365285620093346, 0.33212900161743164
burgers, 20, 4, 2, 4, 0.02126476541161537, 0.4408888518810272
burgers, 20, 4, 2, 5, 0.006772941909730434, 0.41214701533317566
burgers, 20, 8, 2, 1, 0.001062767580151558, 0.31765878200531006
burgers, 20, 8, 2, 2, 0.004834403283894062, 0.30952146649360657
burgers, 20, 8, 2, 3, 0.0007571104797534645, 0.31865039467811584
burgers, 20, 8, 2, 4, 0.03292539715766907, 0.30923381447792053
burgers, 20, 8, 2, 5, 0.0016994638135656714, 0.1541510820388794
burgers, 20, 16, 2, 1, 0.00040010351222008467, 0.12738944590091705
burgers, 20, 16, 2, 2, 0.6724994778633118, 0.27258890867233276
burgers, 20, 16, 2, 3, 0.0007066285470500588, 0.13115040957927704
burgers, 20, 16, 2, 4, 0.0007574606570415199, 0.11498963087797165
burgers, 20, 16, 2, 5, 0.0002670650719664991, 0.2939230501651764
burgers, 20, 32, 2, 1, 0.001517351483926177, 0.29220613837242126
burgers, 20, 32, 2, 2, 0.0003773131174966693, 0.2891683280467987
burgers, 20, 32, 2, 3, 0.009155722334980965, 0.3887174725532532
burgers, 20, 32, 2, 4, 0.00026882917154580355, 0.0776035264134407
burgers, 20, 32, 2, 5, 0.0006578091997653246, 0.37548843026161194
burgers, 20, 64, 2, 1, 0.7125891447067261, 0.4194721281528473
burgers, 20, 64, 2, 2, 0.00019520898058544844, 0.3108726441860199
burgers, 20, 64, 2, 3, 0.00012928390060551465, 0.10184244811534882
burgers, 20, 64, 2, 4, 0.21151593327522278, 0.3528745472431183
burgers, 20, 64, 2, 5, 0.33413347601890564, 0.3748200535774231
burgers, 20, 2, 3, 1, 0.24669593572616577, 0.5006820559501648
burgers, 20, 2, 3, 2, 0.1308407485485077, 0.3574135899543762
burgers, 20, 2, 3, 3, 0.17626111209392548, 0.3385313153266907
burgers, 20, 2, 3, 4, 0.14941555261611938, 0.3706960380077362
burgers, 20, 2, 3, 5, 0.03389500454068184, 0.24572567641735077
burgers, 20, 4, 3, 1, 0.0035756875295192003, 0.31597769260406494
burgers, 20, 4, 3, 2, 0.019467417150735855, 0.1827799379825592
burgers, 20, 4, 3, 3, 0.0037198297213763, 0.24452565610408783
burgers, 20, 4, 3, 4, 0.004025400150567293, 0.12360646575689316
burgers, 20, 4, 3, 5, 0.006232466083019972, 0.13162106275558472
burgers, 20, 8, 3, 1, 0.0013570013688877225, 0.33305811882019043
burgers, 20, 8, 3, 2, 0.006637007929384708, 0.4036804139614105
burgers, 20, 8, 3, 3, 0.05239536613225937, 0.38516709208488464
burgers, 20, 8, 3, 4, 0.004245164338499308, 0.4283609688282013
burgers, 20, 8, 3, 5, 0.006534187588840723, 0.3185468912124634
burgers, 20, 16, 3, 1, 0.017915857955813408, 0.1528017222881317
burgers, 20, 16, 3, 2, 0.012058813124895096, 0.1458277553319931
burgers, 20, 16, 3, 3, 0.5413752794265747, 0.45130306482315063
burgers, 20, 16, 3, 4, 0.003885807702317834, 0.38120409846305847
burgers, 20, 16, 3, 5, 0.00028968678088858724, 0.37594130635261536
burgers, 20, 32, 3, 1, 0.07451657950878143, 0.25557941198349
burgers, 20, 32, 3, 2, 0.00020689351367764175, 0.45105797052383423
burgers, 20, 32, 3, 3, 0.0020206719636917114, 0.33369672298431396
burgers, 20, 32, 3, 4, 0.001424243557266891, 0.39527109265327454
burgers, 20, 32, 3, 5, 0.5744310617446899, 0.40048936009407043
burgers, 20, 64, 3, 1, 0.004196601919829845, 0.2121003270149231
burgers, 20, 64, 3, 2, 0.14814110100269318, 0.1962151676416397
burgers, 20, 64, 3, 3, 0.7280141115188599, 0.5949249863624573
burgers, 20, 64, 3, 4, 0.00027874598163180053, 0.4530065059661865
burgers, 20, 64, 3, 5, 0.0014427838614210486, 0.13523061573505402
burgers, 20, 2, 4, 1, 0.0255364328622818, 0.13213033974170685
burgers, 20, 2, 4, 2, 0.18278071284294128, 0.24316172301769257
burgers, 20, 2, 4, 3, 0.052083440124988556, 0.5498101115226746
burgers, 20, 2, 4, 4, 0.16851523518562317, 0.4144173562526703
burgers, 20, 2, 4, 5, 0.12145897001028061, 0.1347416788339615
burgers, 20, 4, 4, 1, 0.02065245434641838, 0.42435023188591003
burgers, 20, 4, 4, 2, 0.003486256580799818, 0.3032355308532715
burgers, 20, 4, 4, 3, 0.0035345368087291718, 0.4711470305919647
burgers, 20, 4, 4, 4, 0.0007633339846506715, 0.25421175360679626
burgers, 20, 4, 4, 5, 0.02650352753698826, 0.48990270495414734
burgers, 20, 8, 4, 1, 0.0013749162899330258, 0.2637704312801361
burgers, 20, 8, 4, 2, 0.0013053568545728922, 0.23081089556217194
burgers, 20, 8, 4, 3, 0.009183891117572784, 0.2728785276412964
burgers, 20, 8, 4, 4, 0.010398350656032562, 0.25294697284698486
burgers, 20, 8, 4, 5, 0.0023889588192105293, 0.34425827860832214
burgers, 20, 16, 4, 1, 0.003692335681989789, 0.2043209820985794
burgers, 20, 16, 4, 2, 0.7895210981369019, 0.47352492809295654
burgers, 20, 16, 4, 3, 0.021052658557891846, 0.4372471272945404
burgers, 20, 16, 4, 4, 0.0015404053265228868, 0.44130581617355347
burgers, 20, 16, 4, 5, 0.000825514376629144, 0.3469093441963196
burgers, 20, 32, 4, 1, 0.0003821833524852991, 0.3556313216686249
burgers, 20, 32, 4, 2, 0.02236998826265335, 0.5302027463912964
burgers, 20, 32, 4, 3, 0.00016684974252711982, 0.2777409553527832
burgers, 20, 32, 4, 4, 0.00041860557394102216, 0.2784406542778015
burgers, 20, 32, 4, 5, 0.0011384133249521255, 0.15190038084983826
burgers, 20, 64, 4, 1, 0.01060928963124752, 0.2794002890586853
burgers, 20, 64, 4, 2, 0.5706720352172852, 0.2822933495044708
burgers, 20, 64, 4, 3, 0.07513991743326187, 0.19143493473529816
burgers, 20, 64, 4, 4, 0.5800560712814331, 0.32071512937545776
burgers, 20, 64, 4, 5, 1.022629737854004, 0.5428374409675598
helmholtz, 5, 2, 1, 1, 11457.55078125, 5.006295680999756
helmholtz, 5, 2, 1, 2, 18529.353515625, 1.448047161102295
helmholtz, 5, 2, 1, 3, 16869.658203125, 0.9307773113250732
helmholtz, 5, 2, 1, 4, 17876.859375, 3.9574215412139893
helmholtz, 5, 2, 1, 5, 20921.955078125, 1.3936104774475098
helmholtz, 5, 4, 1, 1, 1123.5816650390625, 1.1508724689483643
helmholtz, 5, 4, 1, 2, 1902.6265869140625, 2.7194554805755615
helmholtz, 5, 4, 1, 3, 1143.619873046875, 1.5640065670013428
helmholtz, 5, 4, 1, 4, 3539.475830078125, 1.297728180885315
helmholtz, 5, 4, 1, 5, 920.2897338867188, 1.4161086082458496
helmholtz, 5, 8, 1, 1, 248.4613800048828, 0.5565281510353088
helmholtz, 5, 8, 1, 2, 133.96461486816406, 0.4510207176208496
helmholtz, 5, 8, 1, 3, 260.3701477050781, 0.5590707659721375
helmholtz, 5, 8, 1, 4, 240.35848999023438, 0.908953845500946
helmholtz, 5, 8, 1, 5, 241.03909301757812, 0.5776994824409485
helmholtz, 5, 16, 1, 1, 32.05747985839844, 0.11357420682907104
helmholtz, 5, 16, 1, 2, 36.161888122558594, 0.15832588076591492
helmholtz, 5, 16, 1, 3, 26.8994083404541, 0.1680918186903
helmholtz, 5, 16, 1, 4, 29.881237030029297, 0.1781104952096939
helmholtz, 5, 16, 1, 5, 49.0831298828125, 0.22527813911437988
helmholtz, 5, 32, 1, 1, 9.888636589050293, 0.052322570234537125
helmholtz, 5, 32, 1, 2, 8.050524711608887, 0.047740645706653595
helmholtz, 5, 32, 1, 3, 10.435100555419922, 0.04711436107754707
helmholtz, 5, 32, 1, 4, 10.56494140625, 0.05962580814957619
helmholtz, 5, 32, 1, 5, 10.54980182647705, 0.04216400533914566
helmholtz, 5, 64, 1, 1, 3.2313930988311768, 0.015652962028980255
helmholtz, 5, 64, 1, 2, 3.244833469390869, 0.016370395198464394
helmholtz, 5, 64, 1, 3, 2.29726243019104, 0.01810375414788723
helmholtz, 5, 64, 1, 4, 3.13144850730896, 0.016050854697823524
helmholtz, 5, 64, 1, 5, 2.355767011642456, 0.01585705764591694
helmholtz, 5, 2, 2, 1, 8539.6025390625, 4.53281831741333
helmholtz, 5, 2, 2, 2, 10243.576171875, 1.3598781824111938
helmholtz, 5, 2, 2, 3, 19070.443359375, 1.8326995372772217
helmholtz, 5, 2, 2, 4, 9689.4482421875, 1.4730982780456543
helmholtz, 5, 2, 2, 5, 9359.443359375, 1.4133870601654053
helmholtz, 5, 4, 2, 1, 123.56233215332031, 0.2151380181312561
helmholtz, 5, 4, 2, 2, 112.47400665283203, 0.42057785391807556
helmholtz, 5, 4, 2, 3, 206.4692840576172, 0.8616979718208313
helmholtz, 5, 4, 2, 4, 122.70777130126953, 0.4746977984905243
helmholtz, 5, 4, 2, 5, 82.80496215820312, 0.3472431004047394
helmholtz, 5, 8, 2, 1, 20.97846794128418, 0.179368793964386
helmholtz, 5, 8, 2, 2, 13.960338592529297, 0.07934892177581787
helmholtz, 5, 8, 2, 3, 19.494535446166992, 0.10601318627595901
helmholtz, 5, 8, 2, 4, 16.911449432373047, 0.15136244893074036
helmholtz, 5, 8, 2, 5, 24.20149803161621, 0.26414185762405396
helmholtz, 5, 16, 2, 1, 7.070677757263184, 0.06373963505029678
helmholtz, 5, 16, 2, 2, 5.012970447540283, 0.029468396678566933
helmholtz, 5, 16, 2, 3, 3.9150285720825195, 0.03754870221018791
helmholtz, 5, 16, 2, 4, 4.992178916931152, 0.04050465673208237
helmholtz, 5, 16, 2, 5, 5.26935338973999, 0.04978359863162041
helmholtz, 5, 32, 2, 1, 4.609549045562744, 0.02120295725762844
helmholtz, 5, 32, 2, 2, 6.966579437255859, 0.032773565500974655
helmholtz, 5, 32, 2, 3, 3.321174383163452, 0.022712169215083122
helmholtz, 5, 32, 2, 4, 5.099638938903809, 0.03237050399184227
helmholtz, 5, 32, 2, 5, 3.9959356784820557, 0.019614165648818016
helmholtz, 5, 64, 2, 1, 2.564920663833618, 0.02334965020418167
helmholtz, 5, 64, 2, 2, 12.478399276733398, 0.04596326872706413
helmholtz, 5, 64, 2, 3, 10.010885238647461, 0.036357659846544266
helmholtz, 5, 64, 2, 4, 2.204935073852539, 0.019120801240205765
helmholtz, 5, 64, 2, 5, 6.365838050842285, 0.02407190576195717
helmholtz, 5, 2, 3, 1, 861.7777709960938, 1.2448792457580566
helmholtz, 5, 2, 3, 2, 4305.04931640625, 4.750783920288086
helmholtz, 5, 2, 3, 3, 18555.109375, 1.5854436159133911
helmholtz, 5, 2, 3, 4, 14794.8505859375, 6.746594429016113
helmholtz, 5, 2, 3, 5, 12374.9384765625, 1.6313209533691406
helmholtz, 5, 4, 3, 1, 286.47991943359375, 1.0032469034194946
helmholtz, 5, 4, 3, 2, 200.0734405517578, 0.7966883182525635
helmholtz, 5, 4, 3, 3, 91.90950012207031, 0.3662799596786499
helmholtz, 5, 4, 3, 4, 33.38371658325195, 0.1405607908964157
helmholtz, 5, 4, 3, 5, 86.2895278930664, 0.4160357415676117
helmholtz, 5, 8, 3, 1, 8.912989616394043, 0.11253487318754196
helmholtz, 5, 8, 3, 2, 13.65759563446045, 0.15821821987628937
helmholtz, 5, 8, 3, 3, 13.636148452758789, 0.2112644463777542
helmholtz, 5, 8, 3, 4, 14.867151260375977, 0.22253353893756866
helmholtz, 5, 8, 3, 5, 13.530843734741211, 0.14446306228637695
helmholtz, 5, 16, 3, 1, 4.913065433502197, 0.049562085419893265
helmholtz, 5, 16, 3, 2, 3.371704339981079, 0.041741207242012024
helmholtz, 5, 16, 3, 3, 4.017323970794678, 0.032479263842105865
helmholtz, 5, 16, 3, 4, 3.970583200454712, 0.0406043641269207
helmholtz, 5, 16, 3, 5, 5.115846157073975, 0.06929820775985718
helmholtz, 5, 32, 3, 1, 3.849771738052368, 0.03002145141363144
helmholtz, 5, 32, 3, 2, 3.9482882022857666, 0.025804858654737473
helmholtz, 5, 32, 3, 3, 8.477956771850586, 0.04102674871683121
helmholtz, 5, 32, 3, 4, 2.7280635833740234, 0.02724470943212509
helmholtz, 5, 32, 3, 5, 4.730329513549805, 0.03964242711663246
helmholtz, 5, 64, 3, 1, 6.068399429321289, 0.06015832722187042
helmholtz, 5, 64, 3, 2, 0.9097432494163513, 0.03082905523478985
helmholtz, 5, 64, 3, 3, 3.9450809955596924, 0.025552021339535713
helmholtz, 5, 64, 3, 4, 4.338011264801025, 0.03191257268190384
helmholtz, 5, 64, 3, 5, 5.078529357910156, 0.0854671522974968
helmholtz, 5, 2, 4, 1, 4172.15478515625, 0.9983603954315186
helmholtz, 5, 2, 4, 2, 17930.908203125, 1.988842248916626
helmholtz, 5, 2, 4, 3, 4304.9892578125, 1.9838650226593018
helmholtz, 5, 2, 4, 4, 12186.9287109375, 1.0410863161087036
helmholtz, 5, 2, 4, 5, 7580.83642578125, 3.7698729038238525
helmholtz, 5, 4, 4, 1, 82.70943450927734, 0.4745829105377197
helmholtz, 5, 4, 4, 2, 136.26632690429688, 0.8351551294326782
helmholtz, 5, 4, 4, 3, 45.58900451660156, 0.3501478433609009
helmholtz, 5, 4, 4, 4, 54.9754524230957, 0.2194240391254425
helmholtz, 5, 4, 4, 5, 47.53980255126953, 0.2184971123933792
helmholtz, 5, 8, 4, 1, 8.23617172241211, 0.06511890888214111
helmholtz, 5, 8, 4, 2, 12.006692886352539, 0.07216222584247589
helmholtz, 5, 8, 4, 3, 7.713289737701416, 0.09771206229925156
helmholtz, 5, 8, 4, 4, 11.20295524597168, 0.062313441187143326
helmholtz, 5, 8, 4, 5, 11.267584800720215, 0.1342231184244156
helmholtz, 5, 16, 4, 1, 8.321808815002441, 0.048838578164577484
helmholtz, 5, 16, 4, 2, 7.8966288566589355, 0.04699888825416565
helmholtz, 5, 16, 4, 3, 7.3347954750061035, 0.04250737652182579
helmholtz, 5, 16, 4, 4, 4.965972900390625, 0.05084862932562828
helmholtz, 5, 16, 4, 5, 3.98178768157959, 0.048534929752349854
helmholtz, 5, 32, 4, 1, 9.083889961242676, 0.037628427147865295
helmholtz, 5, 32, 4, 2, 73.82268524169922, 0.12025991082191467
helmholtz, 5, 32, 4, 3, 1.2966853380203247, 0.0249332208186388
helmholtz, 5, 32, 4, 4, 5.449540615081787, 0.04398146644234657
helmholtz, 5, 32, 4, 5, 4.997056484222412, 0.0309954434633255
helmholtz, 5, 64, 4, 1, 0.6540327668190002, 0.023061834275722504
helmholtz, 5, 64, 4, 2, 21.76876449584961, 0.05364451929926872
helmholtz, 5, 64, 4, 3, 2.366914749145508, 0.03527374938130379
helmholtz, 5, 64, 4, 4, 4.625876426696777, 0.1013103723526001
helmholtz, 5, 64, 4, 5, 80.23796081542969, 0.0530087910592556
helmholtz, 10, 2, 1, 1, 5138.2265625, 3.511012315750122
helmholtz, 10, 2, 1, 2, 3340.08203125, 4.150053977966309
helmholtz, 10, 2, 1, 3, 10653.759765625, 9.758962631225586
helmholtz, 10, 2, 1, 4, 9005.1337890625, 1.4088789224624634
helmholtz, 10, 2, 1, 5, 9959.30078125, 2.938786268234253
helmholtz, 10, 4, 1, 1, 538.8491821289062, 0.504342794418335
helmholtz, 10, 4, 1, 2, 1324.3463134765625, 2.7535054683685303
helmholtz, 10, 4, 1, 3, 330.50628662109375, 1.0521893501281738
helmholtz, 10, 4, 1, 4, 1322.5885009765625, 1.2481684684753418
helmholtz, 10, 4, 1, 5, 427.5412292480469, 0.9207335114479065
helmholtz, 10, 8, 1, 1, 44.61190414428711, 0.24568814039230347
helmholtz, 10, 8, 1, 2, 29.663372039794922, 0.11830022186040878
helmholtz, 10, 8, 1, 3, 27.684097290039062, 0.30073750019073486
helmholtz, 10, 8, 1, 4, 80.62913513183594, 0.3291555941104889
helmholtz, 10, 8, 1, 5, 93.47742462158203, 0.4455197751522064
helmholtz, 10, 16, 1, 1, 9.526673316955566, 0.09591816365718842
helmholtz, 10, 16, 1, 2, 8.585880279541016, 0.05118577182292938
helmholtz, 10, 16, 1, 3, 12.88521671295166, 0.10780276358127594
helmholtz, 10, 16, 1, 4, 4.297486782073975, 0.05741574242711067
helmholtz, 10, 16, 1, 5, 10.740311622619629, 0.09171203523874283
helmholtz, 10, 32, 1, 1, 3.209670305252075, 0.04458581283688545
helmholtz, 10, 32, 1, 2, 1.7308452129364014, 0.03245045617222786
helmholtz, 10, 32, 1, 3, 3.06058931350708, 0.03531039506196976
helmholtz, 10, 32, 1, 4, 2.858189344406128, 0.061021603643894196
helmholtz, 10, 32, 1, 5, 3.5600099563598633, 0.07621434330940247
helmholtz, 10, 64, 1, 1, 1.0617035627365112, 0.028790967538952827
helmholtz, 10, 64, 1, 2, 2.3798673152923584, 0.019525671377778053
helmholtz, 10, 64, 1, 3, 0.5676701068878174, 0.026386557146906853
helmholtz, 10, 64, 1, 4, 1.038114309310913, 0.025163451209664345
helmholtz, 10, 64, 1, 5, 0.8129227161407471, 0.0239692572504282
helmholtz, 10, 2, 2, 1, 814.5816040039062, 1.169692873954773
helmholtz, 10, 2, 2, 2, 10338.0634765625, 1.178891897201538
helmholtz, 10, 2, 2, 3, 3895.454833984375, 0.4678484797477722
helmholtz, 10, 2, 2, 4, 3787.180419921875, 1.936806082725525
helmholtz, 10, 2, 2, 5, 6449.10693359375, 2.8748927116394043
helmholtz, 10, 4, 2, 1, 79.8084945678711, 0.555026113986969
helmholtz, 10, 4, 2, 2, 158.90211486816406, 0.7607736587524414
helmholtz, 10, 4, 2, 3, 89.15240478515625, 0.1515960544347763
helmholtz, 10, 4, 2, 4, 30.19683265686035, 0.10704581439495087
helmholtz, 10, 4, 2, 5, 99.09004974365234, 0.7322594523429871
helmholtz, 10, 8, 2, 1, 15.448493003845215, 0.14222514629364014
helmholtz, 10, 8, 2, 2, 9.377950668334961, 0.09123159199953079
helmholtz, 10, 8, 2, 3, 17.222206115722656, 0.17381997406482697
helmholtz, 10, 8, 2, 4, 15.10537052154541, 0.07924524694681168
helmholtz, 10, 8, 2, 5, 5.624172210693359, 0.10897327214479446
helmholtz, 10, 16, 2, 1, 2.540895700454712, 0.03973338007926941
helmholtz, 10, 16, 2, 2, 3.043799877166748, 0.03982832655310631
helmholtz, 10, 16, 2, 3, 2.638197183609009, 0.034966230392456055
helmholtz, 10, 16, 2, 4, 2.382166624069214, 0.03965326026082039
helmholtz, 10, 16, 2, 5, 3.0523018836975098, 0.05482492223381996
helmholtz, 10, 32, 2, 1, 0.5657222867012024, 0.029332805424928665
helmholtz, 10, 32, 2, 2, 2.3432745933532715, 0.02682773768901825
helmholtz, 10, 32, 2, 3, 4.813687801361084, 0.023762810975313187
helmholtz, 10, 32, 2, 4, 0.6156803965568542, 0.027161847800016403
helmholtz, 10, 32, 2, 5, 0.7552002668380737, 0.024238865822553635
helmholtz, 10, 64, 2, 1, 0.8638337254524231, 0.021668657660484314
helmholtz, 10, 64, 2, 2, 6.009241580963135, 0.027883024886250496
helmholtz, 10, 64, 2, 3, 0.8013763427734375, 0.02211236022412777
helmholtz, 10, 64, 2, 4, 1.5190180540084839, 0.027048317715525627
helmholtz, 10, 64, 2, 5, 0.5872426629066467, 0.020860612392425537
helmholtz, 10, 2, 3, 1, 5220.3623046875, 2.424290895462036
helmholtz, 10, 2, 3, 2, 7577.4775390625, 4.11572265625
helmholtz, 10, 2, 3, 3, 4463.02001953125, 1.8794528245925903
helmholtz, 10, 2, 3, 4, 6715.630859375, 4.3590593338012695
helmholtz, 10, 2, 3, 5, 6960.9794921875, 8.174771308898926
helmholtz, 10, 4, 3, 1, 111.29635620117188, 0.38366422057151794
helmholtz, 10, 4, 3, 2, 216.0428924560547, 0.7116554975509644
helmholtz, 10, 4, 3, 3, 93.45574951171875, 0.382159948348999
helmholtz, 10, 4, 3, 4, 181.6357421875, 0.917792558670044
helmholtz, 10, 4, 3, 5, 23.97943115234375, 0.19492073357105255
helmholtz, 10, 8, 3, 1, 11.366064071655273, 0.08562437444925308
helmholtz, 10, 8, 3, 2, 12.98257064819336, 0.2319980412721634
helmholtz, 10, 8, 3, 3, 5.03890323638916, 0.1797807216644287
helmholtz, 10, 8, 3, 4, 5.880437850952148, 0.08640628308057785
helmholtz, 10, 8, 3, 5, 9.411677360534668, 0.06910447031259537
helmholtz, 10, 16, 3, 1, 1.6245185136795044, 0.02756812423467636
helmholtz, 10, 16, 3, 2, 2.6657328605651855, 0.048315517604351044
helmholtz, 10, 16, 3, 3, 0.9586565494537354, 0.0265334602445364
helmholtz, 10, 16, 3, 4, 2.9893202781677246, 0.05912244692444801
helmholtz, 10, 16, 3, 5, 1.923555850982666, 0.03476741537451744
helmholtz, 10, 32, 3, 1, 8.397578239440918, 0.029409902170300484
helmholtz, 10, 32, 3, 2, 2.547863721847534, 0.025533713400363922
helmholtz, 10, 32, 3, 3, 3.5694730281829834, 0.025867246091365814
helmholtz, 10, 32, 3, 4, 1.3856103420257568, 0.03547441586852074
helmholtz, 10, 32, 3, 5, 5.142035007476807, 0.0222393237054348
helmholtz, 10, 64, 3, 1, 16786.404296875, 1.042504906654358
helmholtz, 10, 64, 3, 2, 0.777010440826416, 0.04211832955479622
helmholtz, 10, 64, 3, 3, 0.46864771842956543, 0.028271200135350227
helmholtz, 10, 64, 3, 4, 0.7174326181411743, 0.022006452083587646
helmholtz, 10, 64, 3, 5, 0.2980695366859436, 0.02022632397711277
helmholtz, 10, 2, 4, 1, 4534.9443359375, 2.257490634918213
helmholtz, 10, 2, 4, 2, 13245.1708984375, 2.7229771614074707
helmholtz, 10, 2, 4, 3, 3585.09619140625, 0.7883960604667664
helmholtz, 10, 2, 4, 4, 3308.99609375, 0.9053659439086914
helmholtz, 10, 2, 4, 5, 1812.0078125, 4.331967830657959
helmholtz, 10, 4, 4, 1, 21.258455276489258, 0.1305904984474182
helmholtz, 10, 4, 4, 2, 61.34590148925781, 0.2177731841802597
helmholtz, 10, 4, 4, 3, 38.82517623901367, 0.22146426141262054
helmholtz, 10, 4, 4, 4, 45.45161819458008, 0.4291216731071472
helmholtz, 10, 4, 4, 5, 25.323650360107422, 0.2543588876724243
helmholtz, 10, 8, 4, 1, 6.258491039276123, 0.09873595833778381
helmholtz, 10, 8, 4, 2, 9.00798511505127, 0.09565974771976471
helmholtz, 10, 8, 4, 3, 3.6374704837799072, 0.03925501927733421
helmholtz, 10, 8, 4, 4, 9.610929489135742, 0.05920478329062462
helmholtz, 10, 8, 4, 5, 2.224621534347534, 0.04417695105075836
helmholtz, 10, 16, 4, 1, 1.7914578914642334, 0.03132474049925804
helmholtz, 10, 16, 4, 2, 2.3837783336639404, 0.03189276531338692
helmholtz, 10, 16, 4, 3, 2.3421990871429443, 0.03433305397629738
helmholtz, 10, 16, 4, 4, 5.4092607498168945, 0.04484911262989044
helmholtz, 10, 16, 4, 5, 1.2511827945709229, 0.03762982785701752
helmholtz, 10, 32, 4, 1, 1.079001545906067, 0.03733154386281967
helmholtz, 10, 32, 4, 2, 107.20155334472656, 0.26871803402900696
helmholtz, 10, 32, 4, 3, 0.7444510459899902, 0.029118714854121208
helmholtz, 10, 32, 4, 4, 0.4427410364151001, 0.023337146267294884
helmholtz, 10, 32, 4, 5, 2.03311824798584, 0.03402014449238777
helmholtz, 10, 64, 4, 1, 6.196964263916016, 0.08106984198093414
helmholtz, 10, 64, 4, 2, 9.271014213562012, 0.05681921914219856
helmholtz, 10, 64, 4, 3, 1.7803629636764526, 0.04766144976019859
helmholtz, 10, 64, 4, 4, 1.112317681312561, 0.0552692748606205
helmholtz, 10, 64, 4, 5, 6.067119121551514, 0.07559312134981155
helmholtz, 20, 2, 1, 1, 2110.935791015625, 1.8509782552719116
helmholtz, 20, 2, 1, 2, 5072.0341796875, 2.232154130935669
helmholtz, 20, 2, 1, 3, 4919.1484375, 3.6651697158813477
helmholtz, 20, 2, 1, 4, 6283.21875, 4.997769832611084
helmholtz, 20, 2, 1, 5, 1389.0078125, 1.2752915620803833
helmholtz, 20, 4, 1, 1, 31.577505111694336, 0.10506962984800339
helmholtz, 20, 4, 1, 2, 238.70962524414062, 1.084922194480896
helmholtz, 20, 4, 1, 3, 92.42778015136719, 0.5072107911109924
helmholtz, 20, 4, 1, 4, 47.09720230102539, 0.10134029388427734
helmholtz, 20, 4, 1, 5, 49.66386032104492, 0.4891129732131958
helmholtz, 20, 8, 1, 1, 9.960834503173828, 0.10389088839292526
helmholtz, 20, 8, 1, 2, 5.855439186096191, 0.10984113067388535
helmholtz, 20, 8, 1, 3, 13.023626327514648, 0.24442702531814575
helmholtz, 20, 8, 1, 4, 7.256260871887207, 0.06883702427148819
helmholtz, 20, 8, 1, 5, 9.0673189163208, 0.05102231726050377
helmholtz, 20, 16, 1, 1, 1.0279443264007568, 0.035673294216394424
helmholtz, 20, 16, 1, 2, 1.7735068798065186, 0.05540953949093819
helmholtz, 20, 16, 1, 3, 0.7633000612258911, 0.032558001577854156
helmholtz, 20, 16, 1, 4, 1.517907977104187, 0.05014356970787048
helmholtz, 20, 16, 1, 5, 1.3783214092254639, 0.03519449383020401
helmholtz, 20, 32, 1, 1, 0.4220316708087921, 0.026662953197956085
helmholtz, 20, 32, 1, 2, 0.44897666573524475, 0.022272838279604912
helmholtz, 20, 32, 1, 3, 0.3350141644477844, 0.026522668078541756
helmholtz, 20, 32, 1, 4, 0.17927026748657227, 0.026389429345726967
helmholtz, 20, 32, 1, 5, 0.3052622973918915, 0.0241714920848608
helmholtz, 20, 64, 1, 1, 0.09708771109580994, 0.020535696297883987
helmholtz, 20, 64, 1, 2, 0.097876638174057, 0.020575454458594322
helmholtz, 20, 64, 1, 3, 0.24371220171451569, 0.023587141185998917
helmholtz, 20, 64, 1, 4, 0.12394969910383224, 0.021710973232984543
helmholtz, 20, 64, 1, 5, 0.16833557188510895, 0.022038036957383156
helmholtz, 20, 2, 2, 1, 931.8233032226562, 0.7756975293159485
helmholtz, 20, 2, 2, 2, 1147.3828125, 3.649555206298828
helmholtz, 20, 2, 2, 3, 672.2099609375, 0.17369984090328217
helmholtz, 20, 2, 2, 4, 3546.17822265625, 4.10051965713501
helmholtz, 20, 2, 2, 5, 1640.5555419921875, 0.7392691969871521
helmholtz, 20, 4, 2, 1, 29.265180587768555, 0.19430410861968994
helmholtz, 20, 4, 2, 2, 27.544849395751953, 0.16110903024673462
helmholtz, 20, 4, 2, 3, 50.990135192871094, 0.20066945254802704
helmholtz, 20, 4, 2, 4, 24.15621566772461, 0.09942349046468735
helmholtz, 20, 4, 2, 5, 6.021308422088623, 0.08198007196187973
helmholtz, 20, 8, 2, 1, 2.075366973876953, 0.07644815742969513
helmholtz, 20, 8, 2, 2, 2.124140977859497, 0.039689112454652786
helmholtz, 20, 8, 2, 3, 8.222052574157715, 0.16055022180080414
helmholtz, 20, 8, 2, 4, 1.066023826599121, 0.028558781370520592
helmholtz, 20, 8, 2, 5, 1.11521315574646, 0.02318846806883812
helmholtz, 20, 16, 2, 1, 0.36930152773857117, 0.029065558686852455
helmholtz, 20, 16, 2, 2, 0.42911913990974426, 0.027840526774525642
helmholtz, 20, 16, 2, 3, 0.3829585909843445, 0.025412632152438164
helmholtz, 20, 16, 2, 4, 1.106377363204956, 0.02958504669368267
helmholtz, 20, 16, 2, 5, 0.39074113965034485, 0.02758280746638775
helmholtz, 20, 32, 2, 1, 8.870306968688965, 0.03279801458120346
helmholtz, 20, 32, 2, 2, 0.1872583031654358, 0.02110382169485092
helmholtz, 20, 32, 2, 3, 0.7842147350311279, 0.02516782470047474
helmholtz, 20, 32, 2, 4, 0.5655789971351624, 0.02151365950703621
helmholtz, 20, 32, 2, 5, 0.2763116657733917, 0.02340744435787201
helmholtz, 20, 64, 2, 1, 0.2538730800151825, 0.021951332688331604
helmholtz, 20, 64, 2, 2, 0.33822983503341675, 0.03288213536143303
helmholtz, 20, 64, 2, 3, 0.7697361707687378, 0.0497647188603878
helmholtz, 20, 64, 2, 4, 0.3793100416660309, 0.02257261797785759
helmholtz, 20, 64, 2, 5, 1.4914021492004395, 0.06873481720685959
helmholtz, 20, 2, 3, 1, 1355.7491455078125, 1.3351832628250122
helmholtz, 20, 2, 3, 2, 92864.46875, 1.8285986185073853
helmholtz, 20, 2, 3, 3, 1070.376708984375, 2.3747470378875732
helmholtz, 20, 2, 3, 4, 1194.182373046875, 2.010701894760132
helmholtz, 20, 2, 3, 5, 180.75677490234375, 0.1643836349248886
helmholtz, 20, 4, 3, 1, 25.96895980834961, 0.1250411868095398
helmholtz, 20, 4, 3, 2, 35.65687561035156, 0.3584825098514557
helmholtz, 20, 4, 3, 3, 8.702180862426758, 0.10305596143007278
helmholtz, 20, 4, 3, 4, 8.507746696472168, 0.08825944364070892
helmholtz, 20, 4, 3, 5, 17.96406364440918, 0.06306187808513641
helmholtz, 20, 8, 3, 1, 1.5800204277038574, 0.0674380287528038
helmholtz, 20, 8, 3, 2, 0.9069190621376038, 0.05437997356057167
helmholtz, 20, 8, 3, 3, 23.21210479736328, 0.1186872199177742
helmholtz, 20, 8, 3, 4, 2.929466485977173, 0.08124344050884247
helmholtz, 20, 8, 3, 5, 0.5874984860420227, 0.02729523926973343
helmholtz, 20, 16, 3, 1, 0.6545044183731079, 0.03939363732933998
helmholtz, 20, 16, 3, 2, 11.869622230529785, 0.034885820001363754
helmholtz, 20, 16, 3, 3, 2.3280959129333496, 0.037451691925525665
helmholtz, 20, 16, 3, 4, 1.8823455572128296, 0.03785540908575058
helmholtz, 20, 16, 3, 5, 0.3259790241718292, 0.03549518436193466
helmholtz, 20, 32, 3, 1, 1.1638959646224976, 0.06035182997584343
helmholtz, 20, 32, 3, 2, 1.6036832332611084, 0.05916893482208252
helmholtz, 20, 32, 3, 3, 0.6245375871658325, 0.025028811767697334
helmholtz, 20, 32, 3, 4, 10.03150749206543, 0.024341080337762833
helmholtz, 20, 32, 3, 5, 0.37907591462135315, 0.03795988857746124
helmholtz, 20, 64, 3, 1, 2.936882734298706, 0.11285027116537094
helmholtz, 20, 64, 3, 2, 1.4685406684875488, 0.0626065582036972
helmholtz, 20, 64, 3, 3, 5.316364288330078, 0.17031478881835938
helmholtz, 20, 64, 3, 4, 4.3882155418396, 0.2704584002494812
helmholtz, 20, 64, 3, 5, 6.505251884460449, 0.1657516062259674
helmholtz, 20, 2, 4, 1, 797.1666870117188, 2.0604076385498047
helmholtz, 20, 2, 4, 2, 87735.7109375, 1.0102916955947876
helmholtz, 20, 2, 4, 3, 2687.872802734375, 1.5426132678985596
helmholtz, 20, 2, 4, 4, 35652.42578125, 1.2852619886398315
helmholtz, 20, 2, 4, 5, 105655.765625, 1.0053633451461792
helmholtz, 20, 4, 4, 1, 5.498970031738281, 0.07773613184690475
helmholtz, 20, 4, 4, 2, 54.24387741088867, 0.14005647599697113
helmholtz, 20, 4, 4, 3, 27.20246696472168, 0.2912716865539551
helmholtz, 20, 4, 4, 4, 26.852155685424805, 0.1767810881137848
helmholtz, 20, 4, 4, 5, 7.830237865447998, 0.030827973037958145
helmholtz, 20, 8, 4, 1, 2.6169419288635254, 0.04545682296156883
helmholtz, 20, 8, 4, 2, 3.0531041622161865, 0.06377837806940079
helmholtz, 20, 8, 4, 3, 1.6045981645584106, 0.05856845900416374
helmholtz, 20, 8, 4, 4, 4.223991394042969, 0.06585557758808136
helmholtz, 20, 8, 4, 5, 3.8819081783294678, 0.057301849126815796
helmholtz, 20, 16, 4, 1, 3.9068660736083984, 0.033882640302181244
helmholtz, 20, 16, 4, 2, 0.6598902344703674, 0.026592399924993515
helmholtz, 20, 16, 4, 3, 0.36236441135406494, 0.0448865070939064
helmholtz, 20, 16, 4, 4, 10.080718040466309, 0.04132923483848572
helmholtz, 20, 16, 4, 5, 0.5001217722892761, 0.03071019984781742
helmholtz, 20, 32, 4, 1, 6.676688194274902, 0.14975503087043762
helmholtz, 20, 32, 4, 2, 1.1428195238113403, 0.06199662759900093
helmholtz, 20, 32, 4, 3, 66.27479553222656, 0.06298155337572098
helmholtz, 20, 32, 4, 4, 1.1849857568740845, 0.03474148362874985
helmholtz, 20, 32, 4, 5, 4.082752227783203, 0.10300186276435852
helmholtz, 20, 64, 4, 1, 1.4353704452514648, 0.07683954387903214
helmholtz, 20, 64, 4, 2, 4.639334678649902, 0.10523095726966858
helmholtz, 20, 64, 4, 3, 1.3231425285339355, 0.08914287388324738
helmholtz, 20, 64, 4, 4, 2.1108295917510986, 0.08261162787675858
helmholtz, 20, 64, 4, 5, 5.940497398376465, 0.09290314465761185
