pde, G, width, depth, run, loss, l2
allen-cahn, 5, 2, 1, 1, 0.06046668067574501, 1.0580271482467651
allen-cahn, 5, 2, 1, 2, 0.11017975211143494, 1.102346658706665
allen-cahn, 5, 2, 1, 3, 0.045687537640333176, 0.9488058090209961
allen-cahn, 5, 2, 1, 4, 0.030127618461847305, 0.7006457448005676
allen-cahn, 5, 2, 1, 5, 0.0438016876578331, 0.8550018072128296
allen-cahn, 5, 4, 1, 1, 0.04034527391195297, 0.7375572323799133
allen-cahn, 5, 4, 1, 2, 0.05796675756573677, 1.00325345993042
allen-cahn, 5, 4, 1, 3, 0.048461828380823135, 0.9378494620323181
allen-cahn, 5, 4, 1, 4, 0.04462185129523277, 0.87855064868927
allen-cahn, 5, 4, 1, 5, 0.03937992826104164, 0.8498285412788391
allen-cahn, 5, 8, 1, 1, 0.04413933679461479, 0.8962176442146301
allen-cahn, 5, 8, 1, 2, 0.03574654087424278, 0.9048947691917419
allen-cahn, 5, 8, 1, 3, 0.03188734129071236, 0.7663142085075378
allen-cahn, 5, 8, 1, 4, 0.024589015170931816, 0.6874987483024597
allen-cahn, 5, 8, 1, 5, 0.04913438856601715, 0.8024296164512634
allen-cahn, 5, 16, 1, 1, 0.030236508697271347, 0.7943260073661804
allen-cahn, 5, 16, 1, 2, 0.03302990272641182, 0.8271397948265076
allen-cahn, 5, 16, 1, 3, 0.03455928713083267, 0.8343679904937744
allen-cahn, 5, 16, 1, 4, 0.040338315069675446, 0.9255804419517517
allen-cahn, 5, 16, 1, 5, 0.04115394875407219, 0.8839179873466492
allen-cahn, 5, 32, 1, 1, 0.024517282843589783, 0.7296611666679382
allen-cahn, 5, 32, 1, 2, 0.020417481660842896, 0.5842926502227783
allen-cahn, 5, 32, 1, 3, 0.02549837902188301, 0.8104075789451599
allen-cahn, 5, 32, 1, 4, 0.028517533093690872, 0.8121494650840759
allen-cahn, 5, 32, 1, 5, 0.031719837337732315, 0.8156671524047852
allen-cahn, 5, 64, 1, 1, 0.029006291180849075, 0.7603491544723511
allen-cahn, 5, 64, 1, 2, 0.02645157277584076, 0.7976964712142944
allen-cahn, 5, 64, 1, 3, 0.026979869231581688, 0.8047080039978027
allen-cahn, 5, 64, 1, 4, 0.029628459364175797, 0.7226579785346985
allen-cahn, 5, 64, 1, 5, 0.040299367159605026, 0.8292884230613708
allen-cahn, 5, 2, 2, 1, 0.7111372351646423, 0.7966344952583313
allen-cahn, 5, 2, 2, 2, 0.026200655847787857, 0.702665388584137
allen-cahn, 5, 2, 2, 3, 0.02093510515987873, 0.64251309633255
allen-cahn, 5, 2, 2, 4, 0.030237633734941483, 0.7423986792564392
allen-cahn, 5, 2, 2, 5, 0.026796283200383186, 0.6242819428443909
allen-cahn, 5, 4, 2, 1, 0.029128707945346832, 0.727632462978363
allen-cahn, 5, 4, 2, 2, 0.045423537492752075, 0.9910089373588562
allen-cahn, 5, 4, 2, 3, 0.017345193773508072, 0.5994269847869873
allen-cahn, 5, 4, 2, 4, 0.021636370569467545, 0.6356993317604065
allen-cahn, 5, 4, 2, 5, 0.021814782172441483, 0.6653426289558411
allen-cahn, 5, 8, 2, 1, 0.021581128239631653, 0.6701135635375977
allen-cahn, 5, 8, 2, 2, 0.01858985424041748, 0.6430920362472534
allen-cahn, 5, 8, 2, 3, 0.018448786810040474, 0.6357465982437134
allen-cahn, 5, 8, 2, 4, 0.021573131904006004, 0.6859386563301086
allen-cahn, 5, 8, 2, 5, 0.017191613093018532, 0.6263695359230042
allen-cahn, 5, 16, 2, 1, 0.018004193902015686, 0.6000160574913025
allen-cahn, 5, 16, 2, 2, 0.017349153757095337, 0.6262741088867188
allen-cahn, 5, 16, 2, 3, 0.0173785537481308, 0.5925316214561462
allen-cahn, 5, 16, 2, 4, 0.027513545006513596, 0.7245330810546875
allen-cahn, 5, 16, 2, 5, 0.021315814927220345, 0.6639550924301147
allen-cahn, 5, 32, 2, 1, 0.014910005033016205, 0.43310970067977905
allen-cahn, 5, 32, 2, 2, 0.018772084265947342, 0.3666796088218689
allen-cahn, 5, 32, 2, 3, 0.012326693162322044, 0.4566197991371155
allen-cahn, 5, 32, 2, 4, 0.018275605514645576, 0.506679892539978
allen-cahn, 5, 32, 2, 5, 0.015997406095266342, 0.5655314922332764
allen-cahn, 5, 64, 2, 1, 0.010246186517179012, 0.37892404198646545
allen-cahn, 5, 64, 2, 2, 0.013966072350740433, 0.41582947969436646
allen-cahn, 5, 64, 2, 3, 0.01234140619635582, 0.40531203150749207
allen-cahn, 5, 64, 2, 4, 0.009766834788024426, 0.32315635681152344
allen-cahn, 5, 64, 2, 5, 0.026780957356095314, 0.35988661646842957
allen-cahn, 5, 2, 3, 1, 1.1427887678146362, 0.8872195482254028
allen-cahn, 5, 2, 3, 2, 0.47150036692619324, 0.7269679307937622
allen-cahn, 5, 2, 3, 3, 0.018447816371917725, 0.5729522109031677
allen-cahn, 5, 2, 3, 4, 0.039836376905441284, 0.9058682918548584
allen-cahn, 5, 2, 3, 5, 0.04581154137849808, 0.8764548301696777
allen-cahn, 5, 4, 3, 1, 0.024936344474554062, 0.7385013699531555
allen-cahn, 5, 4, 3, 2, 0.01799316518008709, 0.6164242029190063
allen-cahn, 5, 4, 3, 3, 0.019640818238258362, 0.6230937838554382
allen-cahn, 5, 4, 3, 4, 0.017401041463017464, 0.5632689595222473
allen-cahn, 5, 4, 3, 5, 0.20426452159881592, 0.7697221636772156
allen-cahn, 5, 8, 3, 1, 0.010354876518249512, 0.345011442899704
allen-cahn, 5, 8, 3, 2, 0.016594721004366875, 0.5942510366439819
allen-cahn, 5, 8, 3, 3, 0.022395631298422813, 0.6332818269729614
allen-cahn, 5, 8, 3, 4, 0.014902235008776188, 0.5671334862709045
allen-cahn, 5, 8, 3, 5, 0.017123011872172356, 0.5890663266181946
allen-cahn, 5, 16, 3, 1, 0.022585218772292137, 0.5699023008346558
allen-cahn, 5, 16, 3, 2, 0.020903417840600014, 0.6822372078895569
allen-cahn, 5, 16, 3, 3, 0.018372580409049988, 0.661016047000885
allen-cahn, 5, 16, 3, 4, 0.016191748902201653, 0.621143639087677
allen-cahn, 5, 16, 3, 5, 0.01661372371017933, 0.6346830129623413
allen-cahn, 5, 32, 3, 1, 0.015116425231099129, 0.5004591941833496
allen-cahn, 5, 32, 3, 2, 0.026474732905626297, 0.5427159667015076
allen-cahn, 5, 32, 3, 3, 0.018554143607616425, 0.42300406098365784
allen-cahn, 5, 32, 3, 4, 0.015839992091059685, 0.5197657346725464
allen-cahn, 5, 32, 3, 5, 0.014870444312691689, 0.5829349756240845
allen-cahn, 5, 64, 3, 1, 0.011489663273096085, 0.24439336359500885
allen-cahn, 5, 64, 3, 2, 0.014052310027182102, 0.2861703336238861
allen-cahn, 5, 64, 3, 3, 0.017259422689676285, 0.3092692196369171
allen-cahn, 5, 64, 3, 4, 0.015338923782110214, 0.2668265104293823
allen-cahn, 5, 64, 3, 5, 0.01070162933319807, 0.3871249854564667
allen-cahn, 5, 2, 4, 1, 19.420433044433594, 1.4325220584869385
allen-cahn, 5, 2, 4, 2, 0.015249570831656456, 0.5346023440361023
allen-cahn, 5, 2, 4, 3, 1.0267794132232666, 0.8334245085716248
allen-cahn, 5, 2, 4, 4, 0.02209612727165222, 0.6596627235412598
allen-cahn, 5, 2, 4, 5, 0.08035343885421753, 1.0459076166152954
allen-cahn, 5, 4, 4, 1, 0.018686046823859215, 0.6384461522102356
allen-cahn, 5, 4, 4, 2, 0.02047307789325714, 0.667327344417572
allen-cahn, 5, 4, 4, 3, 0.018941307440400124, 0.5543915629386902
allen-cahn, 5, 4, 4, 4, 0.018012838438153267, 0.5287922620773315
allen-cahn, 5, 4, 4, 5, 0.09691581130027771, 0.8861629366874695
allen-cahn, 5, 8, 4, 1, 0.015504131093621254, 0.5387001633644104
allen-cahn, 5, 8, 4, 2, 0.017924915999174118, 0.5761984586715698
allen-cahn, 5, 8, 4, 3, 0.019983826205134392, 0.5882543325424194
allen-cahn, 5, 8, 4, 4, 0.011797603219747543, 0.5540255904197693
allen-cahn, 5, 8, 4, 5, 0.014817668125033379, 0.5379520654678345
allen-cahn, 5, 16, 4, 1, 0.016802290454506874, 0.5891464352607727
allen-cahn, 5, 16, 4, 2, 0.02240336313843727, 0.6159034967422485
allen-cahn, 5, 16, 4, 3, 0.025405239313840866, 0.7869841456413269
allen-cahn, 5, 16, 4, 4, 0.016027143225073814, 0.6395119428634644
allen-cahn, 5, 16, 4, 5, 0.025996670126914978, 0.6462000012397766
allen-cahn, 5, 32, 4, 1, 0.020637262612581253, 0.5976957678794861
allen-cahn, 5, 32, 4, 2, 0.022567298263311386, 0.5766017436981201
allen-cahn, 5, 32, 4, 3, 0.0277827400714159, 0.5666584968566895
allen-cahn, 5, 32, 4, 4, 0.01544942893087864, 0.6275245547294617
allen-cahn, 5, 32, 4, 5, 0.024092955514788628, 0.6824131011962891
allen-cahn, 5, 64, 4, 1, 0.023082774132490158, 0.5630654096603394
allen-cahn, 5, 64, 4, 2, 0.030733980238437653, 0.5627197623252869
allen-cahn, 5, 64, 4, 3, 0.013009155169129372, 0.5971122980117798
allen-cahn, 5, 64, 4, 4, 0.01475025899708271, 0.4627992808818817
allen-cahn, 5, 64, 4, 5, 0.014493267983198166, 0.5408324599266052
allen-cahn, 10, 2, 1, 1, 0.38497498631477356, 0.8245911598205566
allen-cahn, 10, 2, 1, 2, 0.666022777557373, 0.8309531807899475
allen-cahn, 10, 2, 1, 3, 1.4776792526245117, 0.9337027668952942
allen-cahn, 10, 2, 1, 4, 0.10805601626634598, 0.5647717118263245
allen-cahn, 10, 2, 1, 5, 0.15556146204471588, 0.6403284072875977
allen-cahn, 10, 4, 1, 1, 0.019015749916434288, 0.619610607624054
allen-cahn, 10, 4, 1, 2, 0.028337715193629265, 0.9069580435752869
allen-cahn, 10, 4, 1, 3, 0.07162395119667053, 0.5845105051994324
allen-cahn, 10, 4, 1, 4, 0.0591946616768837, 0.9876582026481628
allen-cahn, 10, 4, 1, 5, 0.08692749589681625, 0.6199249029159546
allen-cahn, 10, 8, 1, 1, 0.050381869077682495, 0.9520193338394165
allen-cahn, 10, 8, 1, 2, 0.028636766597628593, 0.7119655013084412
allen-cahn, 10, 8, 1, 3, 0.023977193981409073, 0.6725733280181885
allen-cahn, 10, 8, 1, 4, 0.10701078921556473, 1.1331183910369873
allen-cahn, 10, 8, 1, 5, 0.8419843912124634, 0.8572227954864502
allen-cahn, 10, 16, 1, 1, 0.038014478981494904, 0.9585909247398376
allen-cahn, 10, 16, 1, 2, 0.026169713586568832, 0.7863779067993164
allen-cahn, 10, 16, 1, 3, 0.02584744431078434, 0.6910532116889954
allen-cahn, 10, 16, 1, 4, 0.053923577070236206, 1.029336929321289
allen-cahn, 10, 16, 1, 5, 0.05098041146993637, 1.0174003839492798
allen-cahn, 10, 32, 1, 1, 0.022538045421242714, 0.7381691336631775
allen-cahn, 10, 32, 1, 2, 0.02386556565761566, 0.8387750387191772
allen-cahn, 10, 32, 1, 3, 0.02349197492003441, 0.808755099773407
allen-cahn, 10, 32, 1, 4, 0.024659547954797745, 0.8190779089927673
allen-cahn, 10, 32, 1, 5, 0.0301038920879364, 0.8806226253509521
allen-cahn, 10, 64, 1, 1, 0.020877007395029068, 0.7596569657325745
allen-cahn, 10, 64, 1, 2, 0.025775887072086334, 0.7189648747444153
allen-cahn, 10, 64, 1, 3, 0.0182406697422266, 0.6897091269493103
allen-cahn, 10, 64, 1, 4, 0.021871525794267654, 0.7143943309783936
allen-cahn, 10, 64, 1, 5, 0.02111131139099598, 0.7360956072807312
allen-cahn, 10, 2, 2, 1, 0.2889527380466461, 0.9792846441268921
allen-cahn, 10, 2, 2, 2, 0.5322803258895874, 1.2618868350982666
allen-cahn, 10, 2, 2, 3, 0.14432358741760254, 1.1506223678588867
allen-cahn, 10, 2, 2, 4, 0.26721107959747314, 0.6682552695274353
allen-cahn, 10, 2, 2, 5, 0.4024267792701721, 1.262131690979004
allen-cahn, 10, 4, 2, 1, 0.11081508547067642, 1.0660645961761475
allen-cahn, 10, 4, 2, 2, 0.2194003462791443, 1.1987495422363281
allen-cahn, 10, 4, 2, 3, 0.1638418734073639, 1.1651625633239746
allen-cahn, 10, 4, 2, 4, 0.33255285024642944, 0.6958774924278259
allen-cahn, 10, 4, 2, 5, 0.3616753816604614, 1.239426612854004
allen-cahn, 10, 8, 2, 1, 0.4352567195892334, 0.8921011090278625
allen-cahn, 10, 8, 2, 2, 0.8003265857696533, 0.852451741695404
allen-cahn, 10, 8, 2, 3, 0.10051311552524567, 0.6690822839736938
allen-cahn, 10, 8, 2, 4, 0.22115808725357056, 0.6789079308509827
allen-cahn, 10, 8, 2, 5, 1.6199822425842285, 0.9280855655670166
allen-cahn, 10, 16, 2, 1, 0.2779726982116699, 0.7280147671699524
allen-cahn, 10, 16, 2, 2, 0.8155499696731567, 0.9355972409248352
allen-cahn, 10, 16, 2, 3, 3.849074363708496, 0.9479840397834778
allen-cahn, 10, 16, 2, 4, 9.219632148742676, 0.9745447039604187
allen-cahn, 10, 16, 2, 5, 7.259620666503906, 0.9632635116577148
allen-cahn, 10, 32, 2, 1, 0.08290848881006241, 0.8982423543930054
allen-cahn, 10, 32, 2, 2, 0.08100171387195587, 0.8527283668518066
allen-cahn, 10, 32, 2, 3, 0.33266395330429077, 0.9049405455589294
allen-cahn, 10, 32, 2, 4, 0.054109811782836914, 0.9186140894889832
allen-cahn, 10, 32, 2, 5, 0.16945429146289825, 0.9392886757850647
allen-cahn, 10, 64, 2, 1, 0.049692340195178986, 0.8656653165817261
allen-cahn, 10, 64, 2, 2, 0.05736439675092697, 0.8730413317680359
allen-cahn, 10, 64, 2, 3, 0.06788399815559387, 0.8113453984260559
allen-cahn, 10, 64, 2, 4, 0.06950528919696808, 0.9216198921203613
allen-cahn, 10, 64, 2, 5, 0.03593924641609192, 0.8864449262619019
allen-cahn, 10, 2, 3, 1, 19.5211238861084, 1.4329336881637573
allen-cahn, 10, 2, 3, 2, 19.35602378845215, 1.4268686771392822
allen-cahn, 10, 2, 3, 3, 53.347328186035156, 0.9546307921409607
allen-cahn, 10, 2, 3, 4, 18.806196212768555, 1.420939326286316
allen-cahn, 10, 2, 3, 5, 19.877445220947266, 1.4397066831588745
allen-cahn, 10, 4, 3, 1, 18.764684677124023, 1.4045698642730713
allen-cahn, 10, 4, 3, 2, 19.36311912536621, 1.4213124513626099
allen-cahn, 10, 4, 3, 3, 19.181570053100586, 1.437330961227417
allen-cahn, 10, 4, 3, 4, 59.599639892578125, 0.9606773257255554
allen-cahn, 10, 4, 3, 5, 19.38745880126953, 1.4277504682540894
allen-cahn, 10, 8, 3, 1, 12.22560977935791, 1.422882318496704
allen-cahn, 10, 8, 3, 2, 14.882686614990234, 1.4033204317092896
allen-cahn, 10, 8, 3, 3, 11.75825023651123, 1.4178489446640015
allen-cahn, 10, 8, 3, 4, 18.917749404907227, 1.415269136428833
allen-cahn, 10, 8, 3, 5, 17.727020263671875, 1.4030715227127075
allen-cahn, 10, 16, 3, 1, 2.962069272994995, 1.117929220199585
allen-cahn, 10, 16, 3, 2, 3.4578702449798584, 1.1549152135849
allen-cahn, 10, 16, 3, 3, 2.6296496391296387, 1.1296720504760742
allen-cahn, 10, 16, 3, 4, 5.731325149536133, 1.1392157077789307
allen-cahn, 10, 16, 3, 5, 2.746644973754883, 1.159637212753296
allen-cahn, 10, 32, 3, 1, 0.5346474051475525, 1.129028558731079
allen-cahn, 10, 32, 3, 2, 0.5270143747329712, 1.1639012098312378
allen-cahn, 10, 32, 3, 3, 0.49042361974716187, 1.0794442892074585
allen-cahn, 10, 32, 3, 4, 0.6504133939743042, 1.1759732961654663
allen-cahn, 10, 32, 3, 5, 0.6448467969894409, 1.1726429462432861
allen-cahn, 10, 64, 3, 1, 0.23604349792003632, 1.0914617776870728
allen-cahn, 10, 64, 3, 2, 0.2713739573955536, 1.0791558027267456
allen-cahn, 10, 64, 3, 3, 0.2128455489873886, 1.050162672996521
allen-cahn, 10, 64, 3, 4, 0.200809508562088, 1.0885180234909058
allen-cahn, 10, 64, 3, 5, 0.19494977593421936, 1.0770963430404663
allen-cahn, 10, 2, 4, 1, 19.070388793945312, 1.3549836874008179
allen-cahn, 10, 2, 4, 2, 16.408687591552734, 1.3414936065673828
allen-cahn, 10, 2, 4, 3, 18.88825225830078, 1.411865234375
allen-cahn, 10, 2, 4, 4, 17.433454513549805, 1.346351981163025
allen-cahn, 10, 2, 4, 5, 19.31412124633789, 1.42055082321167
allen-cahn, 10, 4, 4, 1, 18.304481506347656, 1.3695789575576782
allen-cahn, 10, 4, 4, 2, 19.05708122253418, 1.4166613817214966
allen-cahn, 10, 4, 4, 3, 17.2018985748291, 1.3278518915176392
allen-cahn, 10, 4, 4, 4, 24.57895851135254, 0.9555709362030029
allen-cahn, 10, 4, 4, 5, 28.93292999267578, 0.9539627432823181
allen-cahn, 10, 8, 4, 1, 19.029071807861328, 1.4041489362716675
allen-cahn, 10, 8, 4, 2, 18.9559326171875, 1.4023975133895874
allen-cahn, 10, 8, 4, 3, 19.121267318725586, 1.3884414434432983
allen-cahn, 10, 8, 4, 4, 18.521331787109375, 1.3649412393569946
allen-cahn, 10, 8, 4, 5, 18.22428321838379, 1.362496256828308
allen-cahn, 10, 16, 4, 1, 9.832319259643555, 1.1081514358520508
allen-cahn, 10, 16, 4, 2, 9.66735553741455, 1.1146376132965088
allen-cahn, 10, 16, 4, 3, 9.422059059143066, 1.0974853038787842
allen-cahn, 10, 16, 4, 4, 7.248683452606201, 1.132262110710144
allen-cahn, 10, 16, 4, 5, 9.268428802490234, 1.1136741638183594
allen-cahn, 10, 32, 4, 1, 5.393022060394287, 1.1490105390548706
allen-cahn, 10, 32, 4, 2, 4.597041130065918, 1.1145782470703125
allen-cahn, 10, 32, 4, 3, 6.475905895233154, 1.0878098011016846
allen-cahn, 10, 32, 4, 4, 6.173492431640625, 1.133423924446106
allen-cahn, 10, 32, 4, 5, 8.501975059509277, 1.1568394899368286
allen-cahn, 10, 64, 4, 1, 2.0697546005249023, 1.1421103477478027
allen-cahn, 10, 64, 4, 2, 3.213228225708008, 1.1542723178863525
allen-cahn, 10, 64, 4, 3, 2.0169641971588135, 1.1452361345291138
allen-cahn, 10, 64, 4, 4, 5.896613121032715, 1.0894843339920044
allen-cahn, 10, 64, 4, 5, 1.3600308895111084, 1.1325994729995728
allen-cahn, 20, 2, 1, 1, 2.1326475143432617, 0.9639679789543152
allen-cahn, 20, 2, 1, 2, 2.1197123527526855, 0.9360305070877075
allen-cahn, 20, 2, 1, 3, 13.212237358093262, 1.384705901145935
allen-cahn, 20, 2, 1, 4, 2.4573347568511963, 0.9949923157691956
allen-cahn, 20, 2, 1, 5, 0.16375505924224854, 1.18894362449646
allen-cahn, 20, 4, 1, 1, 0.9860279560089111, 0.8916451334953308
allen-cahn, 20, 4, 1, 2, 1.8191429376602173, 0.9919130206108093
allen-cahn, 20, 4, 1, 3, 2.132185220718384, 0.9576743841171265
allen-cahn, 20, 4, 1, 4, 1.8729431629180908, 1.0269248485565186
allen-cahn, 20, 4, 1, 5, 2.4131669998168945, 0.9546487927436829
allen-cahn, 20, 8, 1, 1, 1.1772758960723877, 0.9439712166786194
allen-cahn, 20, 8, 1, 2, 2.1003527641296387, 0.9249876737594604
allen-cahn, 20, 8, 1, 3, 0.7040541172027588, 0.8763887882232666
allen-cahn, 20, 8, 1, 4, 0.03655918315052986, 1.0053006410598755
allen-cahn, 20, 8, 1, 5, 1.0885881185531616, 0.9040976166725159
allen-cahn, 20, 16, 1, 1, 0.973224401473999, 0.8921199440956116
allen-cahn, 20, 16, 1, 2, 0.16095241904258728, 1.0510560274124146
allen-cahn, 20, 16, 1, 3, 1.4121594429016113, 0.9608134627342224
allen-cahn, 20, 16, 1, 4, 0.3590396046638489, 0.6841204762458801
allen-cahn, 20, 16, 1, 5, 0.051093339920043945, 1.0357096195220947
allen-cahn, 20, 32, 1, 1, 0.10044935345649719, 1.1121798753738403
allen-cahn, 20, 32, 1, 2, 0.3182036578655243, 1.307599663734436
allen-cahn, 20, 32, 1, 3, 0.21379788219928741, 0.9010345339775085
allen-cahn, 20, 32, 1, 4, 0.20131242275238037, 0.9361374378204346
allen-cahn, 20, 32, 1, 5, 0.4120909869670868, 0.7876885533332825
allen-cahn, 20, 64, 1, 1, 0.32091668248176575, 0.8069113492965698
allen-cahn, 20, 64, 1, 2, 0.6583136916160583, 0.7922208905220032
allen-cahn, 20, 64, 1, 3, 0.046157483011484146, 0.8100038170814514
allen-cahn, 20, 64, 1, 4, 0.44226697087287903, 0.8319917917251587
allen-cahn, 20, 64, 1, 5, 0.6797463893890381, 0.8601114749908447
allen-cahn, 20, 2, 2, 1, 22.124767303466797, 1.3827579021453857
allen-cahn, 20, 2, 2, 2, 19.037656784057617, 1.4334909915924072
allen-cahn, 20, 2, 2, 3, 17.466632843017578, 1.372711181640625
allen-cahn, 20, 2, 2, 4, 19.56977653503418, 1.3627643585205078
allen-cahn, 20, 2, 2, 5, 18.522422790527344, 1.4277327060699463
allen-cahn, 20, 4, 2, 1, 19.519775390625, 1.3904422521591187
allen-cahn, 20, 4, 2, 2, 19.448993682861328, 1.3798367977142334
allen-cahn, 20, 4, 2, 3, 18.500452041625977, 1.3761417865753174
allen-cahn, 20, 4, 2, 4, 19.952495574951172, 1.3695738315582275
allen-cahn, 20, 4, 2, 5, 19.071001052856445, 1.3763511180877686
allen-cahn, 20, 8, 2, 1, 56.43012237548828, 0.9545992016792297
allen-cahn, 20, 8, 2, 2, 57.08275604248047, 0.9558098316192627
allen-cahn, 20, 8, 2, 3, 45.297027587890625, 0.951806902885437
allen-cahn, 20, 8, 2, 4, 49.354454040527344, 0.9511358737945557
allen-cahn, 20, 8, 2, 5, 17.488935470581055, 1.4161970615386963
allen-cahn, 20, 16, 2, 1, 9.87086296081543, 1.1665245294570923
allen-cahn, 20, 16, 2, 2, 10.295055389404297, 1.1930315494537354
allen-cahn, 20, 16, 2, 3, 6.027795314788818, 1.184279441833496
allen-cahn, 20, 16, 2, 4, 6.873668193817139, 1.1870805025100708
allen-cahn, 20, 16, 2, 5, 5.962965965270996, 1.1794041395187378
allen-cahn, 20, 32, 2, 1, 2.5366344451904297, 1.1957951784133911
allen-cahn, 20, 32, 2, 2, 3.944937229156494, 1.192903757095337
allen-cahn, 20, 32, 2, 3, 4.343263149261475, 1.1876726150512695
allen-cahn, 20, 32, 2, 4, 3.3340907096862793, 1.2111941576004028
allen-cahn, 20, 32, 2, 5, 4.744993209838867, 1.2311575412750244
allen-cahn, 20, 64, 2, 1, 1.761194109916687, 1.1653791666030884
allen-cahn, 20, 64, 2, 2, 1.6951020956039429, 1.1311092376708984
allen-cahn, 20, 64, 2, 3, 2.019807815551758, 1.2552123069763184
allen-cahn, 20, 64, 2, 4, 1.9398986101150513, 1.2590107917785645
allen-cahn, 20, 64, 2, 5, 2.1517369747161865, 1.1402922868728638
allen-cahn, 20, 2, 3, 1, 495.2048034667969, 1.3586528301239014
allen-cahn, 20, 2, 3, 2, 153.01853942871094, 1.3422188758850098
allen-cahn, 20, 2, 3, 3, 108.58853149414062, 1.192074179649353
allen-cahn, 20, 2, 3, 4, 157.66197204589844, 1.3241889476776123
allen-cahn, 20, 2, 3, 5, 581.2264404296875, 1.103886365890503
allen-cahn, 20, 4, 3, 1, 325.8951110839844, 1.1912091970443726
allen-cahn, 20, 4, 3, 2, 229.49697875976562, 1.2346460819244385
allen-cahn, 20, 4, 3, 3, 67.48197174072266, 1.3751589059829712
allen-cahn, 20, 4, 3, 4, 75.97444152832031, 1.2629042863845825
allen-cahn, 20, 4, 3, 5, 153.068359375, 1.2208665609359741
allen-cahn, 20, 8, 3, 1, 120.4176025390625, 1.3726016283035278
allen-cahn, 20, 8, 3, 2, 99.29206085205078, 1.3108900785446167
allen-cahn, 20, 8, 3, 3, 91.15518951416016, 1.28062903881073
allen-cahn, 20, 8, 3, 4, 151.80409240722656, 1.3334479331970215
allen-cahn, 20, 8, 3, 5, 298.4648742675781, 1.330381989479065
allen-cahn, 20, 16, 3, 1, 188.55738830566406, 1.1304636001586914
allen-cahn, 20, 16, 3, 2, 198.72698974609375, 1.1184029579162598
allen-cahn, 20, 16, 3, 3, 66.14473724365234, 1.1164544820785522
allen-cahn, 20, 16, 3, 4, 213.08111572265625, 1.1211376190185547
allen-cahn, 20, 16, 3, 5, 204.60650634765625, 1.135622262954712
allen-cahn, 20, 32, 3, 1, 95.40010070800781, 1.2044763565063477
allen-cahn, 20, 32, 3, 2, 110.74190521240234, 1.1620807647705078
allen-cahn, 20, 32, 3, 3, 99.74510192871094, 1.1272097826004028
allen-cahn, 20, 32, 3, 4, 60.94025421142578, 1.145698070526123
allen-cahn, 20, 32, 3, 5, 91.19294738769531, 1.1603659391403198
allen-cahn, 20, 64, 3, 1, 119.01229095458984, 1.1340413093566895
allen-cahn, 20, 64, 3, 2, 99.1146469116211, 1.1266767978668213
allen-cahn, 20, 64, 3, 3, 99.80030059814453, 1.1400117874145508
allen-cahn, 20, 64, 3, 4, 107.80486297607422, 1.1404783725738525
allen-cahn, 20, 64, 3, 5, 114.76599884033203, 1.121520757675171
allen-cahn, 20, 2, 4, 1, 3397452.25, 1.153012990951538
allen-cahn, 20, 2, 4, 2, 6871286.5, 1.003713846206665
allen-cahn, 20, 2, 4, 3, 3549712.25, 0.9670937657356262
allen-cahn, 20, 2, 4, 4, 77840248.0, 0.9889400601387024
allen-cahn, 20, 2, 4, 5, 21540570.0, 0.9910304546356201
allen-cahn, 20, 4, 4, 1, 3544291.25, 1.026658058166504
allen-cahn, 20, 4, 4, 2, 2765653.5, 1.2488360404968262
allen-cahn, 20, 4, 4, 3, 1637308.75, 1.0166577100753784
allen-cahn, 20, 4, 4, 4, 2096199.375, 0.9700285792350769
allen-cahn, 20, 4, 4, 5, 1167329.75, 0.9833499789237976
allen-cahn, 20, 8, 4, 1, 1061626.0, 0.9637959003448486
allen-cahn, 20, 8, 4, 2, 1766776.0, 0.9856095910072327
allen-cahn, 20, 8, 4, 3, 614692.5, 1.0366899967193604
allen-cahn, 20, 8, 4, 4, 1328925.875, 0.9738257527351379
allen-cahn, 20, 8, 4, 5, 1215942.125, 0.9999845027923584
allen-cahn, 20, 16, 4, 1, 284209.03125, 1.0352412462234497
allen-cahn, 20, 16, 4, 2, 223321.015625, 1.0621846914291382
allen-cahn, 20, 16, 4, 3, 392664.84375, 1.0140292644500732
allen-cahn, 20, 16, 4, 4, 153061.53125, 1.0840752124786377
allen-cahn, 20, 16, 4, 5, 417880.9375, 0.9830771088600159
allen-cahn, 20, 32, 4, 1, 39388.37890625, 1.0066572427749634
allen-cahn, 20, 32, 4, 2, 35294.02734375, 1.006308913230896
allen-cahn, 20, 32, 4, 3, 156327.71875, 1.0538444519042969
allen-cahn, 20, 32, 4, 4, 39162.4140625, 1.0979100465774536
allen-cahn, 20, 32, 4, 5, 109475.5078125, 1.024675726890564
allen-cahn, 20, 64, 4, 1, 23671.83984375, 0.982531726360321
allen-cahn, 20, 64, 4, 2, 62021.3515625, 0.9898435473442078
allen-cahn, 20, 64, 4, 3, 28547.447265625, 0.9849172830581665
allen-cahn, 20, 64, 4, 4, 77457.0703125, 1.0092511177062988
allen-cahn, 20, 64, 4, 5, 45399.765625, 0.9669063687324524
burgers, 5, 2, 1, 1, 2.4753479957580566, 0.4955337345600128
burgers, 5, 2, 1, 2, 2.3231041431427, 0.49474743008613586
burgers, 5, 2, 1, 3, 2.150151014328003, 0.4625641107559204
burgers, 5, 2, 1, 4, 2.3102078437805176, 0.47535860538482666
burgers, 5, 2, 1, 5, 2.245631694793701, 0.5056305527687073
burgers, 5, 4, 1, 1, 0.6518487930297852, 0.2829369008541107
burgers, 5, 4, 1, 2, 0.4863702356815338, 0.260214239358902
burgers, 5, 4, 1, 3, 0.5446380972862244, 0.37619414925575256
burgers, 5, 4, 1, 4, 0.5781591534614563, 0.2820606529712677
burgers, 5, 4, 1, 5, 0.6551135182380676, 0.29498353600502014
burgers, 5, 8, 1, 1, 0.7066948413848877, 0.28465643525123596
burgers, 5, 8, 1, 2, 0.5023525953292847, 0.2772049009799957
burgers, 5, 8, 1, 3, 0.07679345458745956, 0.14713534712791443
burgers, 5, 8, 1, 4, 1.5075440406799316, 0.41368794441223145
burgers, 5, 8, 1, 5, 0.46772336959838867, 0.27349919080734253
burgers, 5, 16, 1, 1, 1.479835867881775, 0.34923747181892395
burgers, 5, 16, 1, 2, 0.13897792994976044, 0.32733166217803955
burgers, 5, 16, 1, 3, 0.07611170411109924, 0.14757634699344635
burgers, 5, 16, 1, 4, 0.09438949078321457, 0.15624453127384186
burgers, 5, 16, 1, 5, 0.2013654261827469, 0.35616838932037354
burgers, 5, 32, 1, 1, 0.06752294301986694, 0.15177114307880402
burgers, 5, 32, 1, 2, 0.11341431736946106, 0.16966824233531952
burgers, 5, 32, 1, 3, 0.1498757153749466, 0.3542693555355072
burgers, 5, 32, 1, 4, 0.17953988909721375, 0.16141653060913086
burgers, 5, 32, 1, 5, 0.14641663432121277, 0.18131473660469055
burgers, 5, 64, 1, 1, 0.12083584070205688, 0.3329804837703705
burgers, 5, 64, 1, 2, 0.10963758081197739, 0.3346335291862488
burgers, 5, 64, 1, 3, 0.06587137281894684, 0.1486380696296692
burgers, 5, 64, 1, 4, 0.10331891477108002, 0.16588860750198364
burgers, 5, 64, 1, 5, 0.20474088191986084, 0.18647003173828125
burgers, 5, 2, 2, 1, 2.199154853820801, 0.44603508710861206
burgers, 5, 2, 2, 2, 0.9199520349502563, 0.40469661355018616
burgers, 5, 2, 2, 3, 1.6032509803771973, 0.4482692778110504
burgers, 5, 2, 2, 4, 0.6268261671066284, 0.28260087966918945
burgers, 5, 2, 2, 5, 1.9835712909698486, 0.5213192701339722
burgers, 5, 4, 2, 1, 0.1656222939491272, 0.16465330123901367
burgers, 5, 4, 2, 2, 0.18315568566322327, 0.17219607532024384
burgers, 5, 4, 2, 3, 0.11230508983135223, 0.16096004843711853
burgers, 5, 4, 2, 4, 0.12391728162765503, 0.15216290950775146
burgers, 5, 4, 2, 5, 0.20229700207710266, 0.1757090985774994
burgers, 5, 8, 2, 1, 0.12596116960048676, 0.17229063808918
burgers, 5, 8, 2, 2, 0.06936534494161606, 0.14662833511829376
burgers, 5, 8, 2, 3, 0.022986162453889847, 0.14197282493114471
burgers, 5, 8, 2, 4, 0.06434366852045059, 0.15085774660110474
burgers, 5, 8, 2, 5, 0.06332448124885559, 0.14874041080474854
burgers, 5, 16, 2, 1, 0.028889834880828857, 0.14312270283699036
burgers, 5, 16, 2, 2, 0.14193598926067352, 0.14146946370601654
burgers, 5, 16, 2, 3, 0.011414946056902409, 0.13788700103759766
burgers, 5, 16, 2, 4, 0.023528363555669785, 0.14300133287906647
burgers, 5, 16, 2, 5, 0.10929228365421295, 0.3233930468559265
burgers, 5, 32, 2, 1, 0.015893273055553436, 0.13957259058952332
burgers, 5, 32, 2, 2, 0.09175725281238556, 0.3243033289909363
burgers, 5, 32, 2, 3, 0.12431714683771133, 0.33057934045791626
burgers, 5, 32, 2, 4, 0.025001777336001396, 0.14048677682876587
burgers, 5, 32, 2, 5, 0.042161598801612854, 0.13746888935565948
burgers, 5, 64, 2, 1, 0.018507003784179688, 0.12634842097759247
burgers, 5, 64, 2, 2, 0.025833001360297203, 0.1330311894416809
burgers, 5, 64, 2, 3, 0.023484420031309128, 0.14035847783088684
burgers, 5, 64, 2, 4, 0.004109040834009647, 0.10902098566293716
burgers, 5, 64, 2, 5, 0.034887008368968964, 0.14763791859149933
burgers, 5, 2, 3, 1, 2.7754364013671875, 0.5312171578407288
burgers, 5, 2, 3, 2, 0.6794999837875366, 0.24249650537967682
burgers, 5, 2, 3, 3, 0.7315592765808105, 0.23447757959365845
burgers, 5, 2, 3, 4, 0.5716132521629333, 0.2461860477924347
burgers, 5, 2, 3, 5, 0.9403235912322998, 0.28871074318885803
burgers, 5, 4, 3, 1, 0.12214507162570953, 0.16852502524852753
burgers, 5, 4, 3, 2, 0.15542447566986084, 0.16010338068008423
burgers, 5, 4, 3, 3, 0.10448714345693588, 0.15304306149482727
burgers, 5, 4, 3, 4, 0.13714024424552917, 0.3280719816684723
burgers, 5, 4, 3, 5, 0.17425483465194702, 0.17475219070911407
burgers, 5, 8, 3, 1, 0.21041461825370789, 0.1571926772594452
burgers, 5, 8, 3, 2, 0.11032666265964508, 0.16416394710540771
burgers, 5, 8, 3, 3, 0.10195792466402054, 0.32617583870887756
burgers, 5, 8, 3, 4, 0.13144579529762268, 0.3269718289375305
burgers, 5, 8, 3, 5, 0.033223919570446014, 0.10966318845748901
burgers, 5, 16, 3, 1, 0.15615138411521912, 0.3277844488620758
burgers, 5, 16, 3, 2, 0.1266946643590927, 0.3214416801929474
burgers, 5, 16, 3, 3, 0.016077015548944473, 0.40805429220199585
burgers, 5, 16, 3, 4, 0.09593377262353897, 0.32600584626197815
burgers, 5, 16, 3, 5, 0.03987371176481247, 0.14064063131809235
burgers, 5, 32, 3, 1, 0.01147482730448246, 0.15896286070346832
burgers, 5, 32, 3, 2, 0.005948674865067005, 0.13841450214385986
burgers, 5, 32, 3, 3, 0.005661704111844301, 0.11789805442094803
burgers, 5, 32, 3, 4, 0.1321115493774414, 0.36823126673698425
burgers, 5, 32, 3, 5, 0.02060067653656006, 0.12448962777853012
burgers, 5, 64, 3, 1, 0.0007023910875432193, 0.08359331637620926
burgers, 5, 64, 3, 2, 0.01854509860277176, 0.2361365407705307
burgers, 5, 64, 3, 3, 0.0012878322741016746, 0.3225220739841461
burgers, 5, 64, 3, 4, 0.006335053127259016, 0.28188616037368774
burgers, 5, 64, 3, 5, 0.29260390996932983, 0.46323809027671814
burgers, 5, 2, 4, 1, 4.113633155822754, 0.7113585472106934
burgers, 5, 2, 4, 2, 0.3974824547767639, 0.2111959010362625
burgers, 5, 2, 4, 3, 2.168605327606201, 0.4979079067707062
burgers, 5, 2, 4, 4, 0.7228401899337769, 0.3895552158355713
burgers, 5, 2, 4, 5, 2.3879904747009277, 0.4944398105144501
burgers, 5, 4, 4, 1, 0.11357112973928452, 0.15669725835323334
burgers, 5, 4, 4, 2, 0.16419702768325806, 0.16323800384998322
burgers, 5, 4, 4, 3, 0.32290902733802795, 0.44515302777290344
burgers, 5, 4, 4, 4, 0.2961312234401703, 0.1750519722700119
burgers, 5, 4, 4, 5, 0.38924461603164673, 0.18156905472278595
burgers, 5, 8, 4, 1, 0.41236138343811035, 0.33348748087882996
burgers, 5, 8, 4, 2, 0.2417963445186615, 0.33928558230400085
burgers, 5, 8, 4, 3, 0.04764612764120102, 0.14471977949142456
burgers, 5, 8, 4, 4, 0.023096123710274696, 0.07024583965539932
burgers, 5, 8, 4, 5, 0.1107734888792038, 0.35753411054611206
burgers, 5, 16, 4, 1, 0.014439258724451065, 0.4275702238082886
burgers, 5, 16, 4, 2, 0.09992021322250366, 0.3285999596118927
burgers, 5, 16, 4, 3, 0.03419887647032738, 0.37096893787384033
burgers, 5, 16, 4, 4, 0.028494518250226974, 0.17016275227069855
burgers, 5, 16, 4, 5, 0.19072480499744415, 0.3254283368587494
burgers, 5, 32, 4, 1, 0.009755942039191723, 0.35289907455444336
burgers, 5, 32, 4, 2, 0.024931151419878006, 0.3419019877910614
burgers, 5, 32, 4, 3, 0.013572128489613533, 0.35953471064567566
burgers, 5, 32, 4, 4, 0.016004791483283043, 0.5009351968765259
burgers, 5, 32, 4, 5, 0.011695856228470802, 0.33530741930007935
burgers, 5, 64, 4, 1, 0.4137800335884094, 0.3621271252632141
burgers, 5, 64, 4, 2, 0.22215357422828674, 0.3733334243297577
burgers, 5, 64, 4, 3, 0.002983400598168373, 0.19015266001224518
burgers, 5, 64, 4, 4, 0.000731785548850894, 0.24540720880031586
burgers, 5, 64, 4, 5, 0.6793017983436584, 0.40083184838294983
burgers, 10, 2, 1, 1, 2.089456081390381, 0.4482811689376831
burgers, 10, 2, 1, 2, 2.6328036785125732, 0.4952268898487091
burgers, 10, 2, 1, 3, 2.501589059829712, 0.47143763303756714
burgers, 10, 2, 1, 4, 1.8402923345565796, 0.510121762752533
burgers, 10, 2, 1, 5, 2.6701865196228027, 0.497128963470459
burgers, 10, 4, 1, 1, 0.8852905035018921, 0.4114128351211548
burgers, 10, 4, 1, 2, 0.5589463710784912, 0.2569034993648529
burgers, 10, 4, 1, 3, 0.7876987457275391, 0.30638259649276733
burgers, 10, 4, 1, 4, 0.7836037874221802, 0.2876247763633728
burgers, 10, 4, 1, 5, 0.2305959165096283, 0.3388967216014862
burgers, 10, 8, 1, 1, 0.2651395797729492, 0.33362963795661926
burgers, 10, 8, 1, 2, 0.28718119859695435, 0.33658677339553833
burgers, 10, 8, 1, 3, 0.4662225544452667, 0.2567364573478699
burgers, 10, 8, 1, 4, 0.5621925592422485, 0.4369984567165375
burgers, 10, 8, 1, 5, 0.40178382396698, 0.3405562937259674
burgers, 10, 16, 1, 1, 0.07726263999938965, 0.15156930685043335
burgers, 10, 16, 1, 2, 0.15672710537910461, 0.332400381565094
burgers, 10, 16, 1, 3, 0.07061532139778137, 0.15246929228305817
burgers, 10, 16, 1, 4, 0.3039540648460388, 0.23313473165035248
burgers, 10, 16, 1, 5, 0.13708989322185516, 0.1626995950937271
burgers, 10, 32, 1, 1, 0.038275182247161865, 0.14758452773094177
burgers, 10, 32, 1, 2, 0.050341613590717316, 0.3267700970172882
burgers, 10, 32, 1, 3, 0.05628112331032753, 0.14876185357570648
burgers, 10, 32, 1, 4, 0.08277340233325958, 0.15563617646694183
burgers, 10, 32, 1, 5, 0.04760904982686043, 0.14978376030921936
burgers, 10, 64, 1, 1, 0.05981004610657692, 0.14563776552677155
burgers, 10, 64, 1, 2, 0.1641240268945694, 0.48585644364356995
burgers, 10, 64, 1, 3, 0.05601869523525238, 0.1502561867237091
burgers, 10, 64, 1, 4, 0.022952454164624214, 0.14138780534267426
burgers, 10, 64, 1, 5, 0.04887056350708008, 0.1452246606349945
burgers, 10, 2, 2, 1, 2.565743923187256, 0.539959192276001
burgers, 10, 2, 2, 2, 5.414246559143066, 0.7776468396186829
burgers, 10, 2, 2, 3, 8.92774486541748, 0.8173052668571472
burgers, 10, 2, 2, 4, 1.6334359645843506, 0.4062395989894867
burgers, 10, 2, 2, 5, 1.9580438137054443, 0.5067036747932434
burgers, 10, 4, 2, 1, 1.89022696018219, 0.4567212164402008
burgers, 10, 4, 2, 2, 2.0508852005004883, 0.4989314675331116
burgers, 10, 4, 2, 3, 2.7722573280334473, 0.559637188911438
burgers, 10, 4, 2, 4, 2.6290621757507324, 0.498002290725708
burgers, 10, 4, 2, 5, 5.894021987915039, 0.8751364350318909
burgers, 10, 8, 2, 1, 1.4637680053710938, 0.4307377338409424
burgers, 10, 8, 2, 2, 0.5909239649772644, 0.3370678424835205
burgers, 10, 8, 2, 3, 0.9549179077148438, 0.44107216596603394
burgers, 10, 8, 2, 4, 1.7740600109100342, 0.47678494453430176
burgers, 10, 8, 2, 5, 1.8145813941955566, 0.45023658871650696
burgers, 10, 16, 2, 1, 0.6314182281494141, 0.43707913160324097
burgers, 10, 16, 2, 2, 0.8945238590240479, 0.6560311913490295
burgers, 10, 16, 2, 3, 0.6039159893989563, 0.3745928108692169
burgers, 10, 16, 2, 4, 2.668111801147461, 0.915175199508667
burgers, 10, 16, 2, 5, 1.1841230392456055, 0.6567485332489014
burgers, 10, 32, 2, 1, 0.06255943328142166, 0.927813708782196
burgers, 10, 32, 2, 2, 0.13756410777568817, 0.8986166715621948
burgers, 10, 32, 2, 3, 0.1245536059141159, 0.9665805697441101
burgers, 10, 32, 2, 4, 0.024929871782660484, 1.0425406694412231
burgers, 10, 32, 2, 5, 0.11338771134614944, 0.9614750146865845
burgers, 10, 64, 2, 1, 0.05544762685894966, 0.8987041711807251
burgers, 10, 64, 2, 2, 0.08524736762046814, 0.8702825307846069
burgers, 10, 64, 2, 3, 0.060896407812833786, 0.9717701077461243
burgers, 10, 64, 2, 4, 0.037803247570991516, 0.9474604725837708
burgers, 10, 64, 2, 5, 0.0693506971001625, 0.9299017786979675
burgers, 10, 2, 3, 1, 14.535921096801758, 1.0003113746643066
burgers, 10, 2, 3, 2, 11.599006652832031, 0.9995320439338684
burgers, 10, 2, 3, 3, 15.004263877868652, 1.004845142364502
burgers, 10, 2, 3, 4, 12.555444717407227, 0.9880319833755493
burgers, 10, 2, 3, 5, 11.676921844482422, 1.001168966293335
burgers, 10, 4, 3, 1, 12.250349998474121, 0.9993686676025391
burgers, 10, 4, 3, 2, 11.915584564208984, 0.9997854828834534
burgers, 10, 4, 3, 3, 10.88856029510498, 1.0004918575286865
burgers, 10, 4, 3, 4, 12.659730911254883, 1.0003488063812256
burgers, 10, 4, 3, 5, 12.571701049804688, 1.0003172159194946
burgers, 10, 8, 3, 1, 12.266587257385254, 0.9998173713684082
burgers, 10, 8, 3, 2, 12.088444709777832, 0.9991716146469116
burgers, 10, 8, 3, 3, 12.232207298278809, 0.9999352097511292
burgers, 10, 8, 3, 4, 11.529406547546387, 1.0020722150802612
burgers, 10, 8, 3, 5, 12.118253707885742, 0.9997414350509644
burgers, 10, 16, 3, 1, 8.62270736694336, 1.0119174718856812
burgers, 10, 16, 3, 2, 8.118230819702148, 1.0298645496368408
burgers, 10, 16, 3, 3, 7.898578643798828, 1.0047454833984375
burgers, 10, 16, 3, 4, 9.447453498840332, 1.0111194849014282
burgers, 10, 16, 3, 5, 8.125663757324219, 1.036510705947876
burgers, 10, 32, 3, 1, 1.094892978668213, 1.047717571258545
burgers, 10, 32, 3, 2, 0.9355592131614685, 1.0389052629470825
burgers, 10, 32, 3, 3, 1.622521996498108, 1.0323486328125
burgers, 10, 32, 3, 4, 2.3274617195129395, 1.060883641242981
burgers, 10, 32, 3, 5, 1.558794617652893, 1.113511323928833
burgers, 10, 64, 3, 1, 0.53825443983078, 1.0134613513946533
burgers, 10, 64, 3, 2, 0.7835747599601746, 0.9959816932678223
burgers, 10, 64, 3, 3, 0.9716516733169556, 1.0367610454559326
burgers, 10, 64, 3, 4, 1.1235939264297485, 1.069467544555664
burgers, 10, 64, 3, 5, 0.7874801754951477, 1.0670502185821533
burgers, 10, 2, 4, 1, 1422.677001953125, 1.0163699388504028
burgers, 10, 2, 4, 2, 81.92866516113281, 1.031552791595459
burgers, 10, 2, 4, 3, 3703.487548828125, 1.0498794317245483
burgers, 10, 2, 4, 4, 316.87335205078125, 1.1475942134857178
burgers, 10, 2, 4, 5, 54.45043182373047, 1.0004851818084717
burgers, 10, 4, 4, 1, 154.9502716064453, 1.0244117975234985
burgers, 10, 4, 4, 2, 39.771202087402344, 1.0005133152008057
burgers, 10, 4, 4, 3, 620.36572265625, 1.0062527656555176
burgers, 10, 4, 4, 4, 553.6932983398438, 1.0004239082336426
burgers, 10, 4, 4, 5, 623.7976684570312, 1.0154526233673096
burgers, 10, 8, 4, 1, 164.95928955078125, 1.008552074432373
burgers, 10, 8, 4, 2, 136.00338745117188, 1.0035064220428467
burgers, 10, 8, 4, 3, 102.26163482666016, 1.000299096107483
burgers, 10, 8, 4, 4, 178.73062133789062, 1.013416051864624
burgers, 10, 8, 4, 5, 252.2263946533203, 1.0026193857192993
burgers, 10, 16, 4, 1, 203.6719207763672, 1.0316812992095947
burgers, 10, 16, 4, 2, 171.6702423095703, 1.0265274047851562
burgers, 10, 16, 4, 3, 203.06961059570312, 1.037892460823059
burgers, 10, 16, 4, 4, 278.416259765625, 1.0413806438446045
burgers, 10, 16, 4, 5, 229.33023071289062, 1.059328556060791
burgers, 10, 32, 4, 1, 159.0078582763672, 1.065613031387329
burgers, 10, 32, 4, 2, 23.540328979492188, 1.0393686294555664
burgers, 10, 32, 4, 3, 20.789844512939453, 1.0190287828445435
burgers, 10, 32, 4, 4, 183.7726287841797, 1.098829746246338
burgers, 10, 32, 4, 5, 136.37315368652344, 1.1043411493301392
burgers, 10, 64, 4, 1, 71.42220306396484, 1.039422869682312
burgers, 10, 64, 4, 2, 91.94245147705078, 1.0649322271347046
burgers, 10, 64, 4, 3, 11.122057914733887, 0.9994200468063354
burgers, 10, 64, 4, 4, 110.40206909179688, 1.0887737274169922
burgers, 10, 64, 4, 5, 11.872267723083496, 1.0085108280181885
burgers, 20, 2, 1, 1, 4.191946029663086, 0.6632328629493713
burgers, 20, 2, 1, 2, 6.058757305145264, 0.7513235211372375
burgers, 20, 2, 1, 3, 11.205218315124512, 0.985883355140686
burgers, 20, 2, 1, 4, 11.237939834594727, 0.9869266748428345
burgers, 20, 2, 1, 5, 3.831148624420166, 0.6186853051185608
burgers, 20, 4, 1, 1, 4.802119255065918, 0.6666769981384277
burgers, 20, 4, 1, 2, 3.7622010707855225, 0.7057230472564697
burgers, 20, 4, 1, 3, 3.192627429962158, 0.5648919939994812
burgers, 20, 4, 1, 4, 3.761514663696289, 0.7023856043815613
burgers, 20, 4, 1, 5, 4.504065990447998, 0.8295212388038635
burgers, 20, 8, 1, 1, 2.6670823097229004, 0.5728182196617126
burgers, 20, 8, 1, 2, 3.3880064487457275, 0.5882718563079834
burgers, 20, 8, 1, 3, 3.7969703674316406, 0.541906476020813
burgers, 20, 8, 1, 4, 2.498648166656494, 0.5079596042633057
burgers, 20, 8, 1, 5, 2.1092782020568848, 0.4654756784439087
burgers, 20, 16, 1, 1, 1.5048969984054565, 0.4263327121734619
burgers, 20, 16, 1, 2, 1.1766884326934814, 0.4144973158836365
burgers, 20, 16, 1, 3, 1.0724244117736816, 0.4366611838340759
burgers, 20, 16, 1, 4, 0.5542781949043274, 0.44822269678115845
burgers, 20, 16, 1, 5, 2.417017936706543, 0.4875798225402832
burgers, 20, 32, 1, 1, 1.0236717462539673, 0.38892483711242676
burgers, 20, 32, 1, 2, 0.8990647792816162, 0.43138960003852844
burgers, 20, 32, 1, 3, 1.0329766273498535, 0.42693421244621277
burgers, 20, 32, 1, 4, 1.1843620538711548, 0.4043523371219635
burgers, 20, 32, 1, 5, 1.1443557739257812, 0.4300246834754944
burgers, 20, 64, 1, 1, 0.2973247766494751, 0.4604649245738983
burgers, 20, 64, 1, 2, 0.3364982306957245, 0.3941389322280884
burgers, 20, 64, 1, 3, 0.2874577045440674, 0.4123271405696869
burgers, 20, 64, 1, 4, 0.245967298746109, 0.3997047543525696
burgers, 20, 64, 1, 5, 0.3397373557090759, 0.4126090407371521
burgers, 20, 2, 2, 1, 80.61080932617188, 0.9998452067375183
burgers, 20, 2, 2, 2, 54.50648498535156, 1.0150913000106812
burgers, 20, 2, 2, 3, 92.77545166015625, 1.0031431913375854
burgers, 20, 2, 2, 4, 25.327417373657227, 1.0162707567214966
burgers, 20, 2, 2, 5, 178.07652282714844, 0.9999259114265442
burgers, 20, 4, 2, 1, 43.444053649902344, 0.9997983574867249
burgers, 20, 4, 2, 2, 69.3243179321289, 1.0047889947891235
burgers, 20, 4, 2, 3, 19.258323669433594, 1.0058842897415161
burgers, 20, 4, 2, 4, 30.235118865966797, 1.0017732381820679
burgers, 20, 4, 2, 5, 25.54088592529297, 1.0052403211593628
burgers, 20, 8, 2, 1, 16.441347122192383, 0.9996176362037659
burgers, 20, 8, 2, 2, 14.18624496459961, 1.0003769397735596
burgers, 20, 8, 2, 3, 17.483484268188477, 0.9993792176246643
burgers, 20, 8, 2, 4, 23.853076934814453, 1.0005416870117188
burgers, 20, 8, 2, 5, 32.955013275146484, 1.0029220581054688
burgers, 20, 16, 2, 1, 91.0708999633789, 1.1004412174224854
burgers, 20, 16, 2, 2, 188.62779235839844, 1.071634292602539
burgers, 20, 16, 2, 3, 29.873912811279297, 1.0831483602523804
burgers, 20, 16, 2, 4, 62.8373908996582, 1.1232366561889648
burgers, 20, 16, 2, 5, 25.303882598876953, 1.0619728565216064
burgers, 20, 32, 2, 1, 58.516414642333984, 1.1581921577453613
burgers, 20, 32, 2, 2, 65.46929931640625, 1.1826540231704712
burgers, 20, 32, 2, 3, 35.32014083862305, 1.1905593872070312
burgers, 20, 32, 2, 4, 52.510684967041016, 1.1982295513153076
burgers, 20, 32, 2, 5, 34.0195198059082, 1.1599512100219727
burgers, 20, 64, 2, 1, 18.036338806152344, 1.137611985206604
burgers, 20, 64, 2, 2, 18.147953033447266, 1.1418472528457642
burgers, 20, 64, 2, 3, 15.29596996307373, 1.1048521995544434
burgers, 20, 64, 2, 4, 18.961315155029297, 1.1277397871017456
burgers, 20, 64, 2, 5, 16.746435165405273, 1.1377395391464233
burgers, 20, 2, 3, 1, 380672.25, 1.014186978340149
burgers, 20, 2, 3, 2, 672785.375, 1.0468276739120483
burgers, 20, 2, 3, 3, 416083.46875, 1.2043533325195312
burgers, 20, 2, 3, 4, 1465253.625, 1.0156053304672241
burgers, 20, 2, 3, 5, 971614.9375, 1.0765191316604614
burgers, 20, 4, 3, 1, 370916.03125, 1.1425527334213257
burgers, 20, 4, 3, 2, 403921.1875, 1.0480817556381226
burgers, 20, 4, 3, 3, 199673.203125, 1.00755774974823
burgers, 20, 4, 3, 4, 350530.4375, 1.0287953615188599
burgers, 20, 4, 3, 5, 257655.125, 1.0113953351974487
burgers, 20, 8, 3, 1, 188501.421875, 1.0143550634384155
burgers, 20, 8, 3, 2, 211906.953125, 1.0317527055740356
burgers, 20, 8, 3, 3, 130165.6796875, 1.0310084819793701
burgers, 20, 8, 3, 4, 182530.203125, 1.024567723274231
burgers, 20, 8, 3, 5, 263590.84375, 1.064813256263733
burgers, 20, 16, 3, 1, 75749.6796875, 1.1007212400436401
burgers, 20, 16, 3, 2, 86113.015625, 1.1199458837509155
burgers, 20, 16, 3, 3, 92061.8671875, 1.0998141765594482
burgers, 20, 16, 3, 4, 125959.8515625, 1.1024545431137085
burgers, 20, 16, 3, 5, 89996.9296875, 1.100250482559204
burgers, 20, 32, 3, 1, 47577.6328125, 1.156264305114746
burgers, 20, 32, 3, 2, 95013.1640625, 1.17814040184021
burgers, 20, 32, 3, 3, 48324.3359375, 1.136113166809082
burgers, 20, 32, 3, 4, 60391.78125, 1.2111058235168457
burgers, 20, 32, 3, 5, 43602.73828125, 1.1532949209213257
burgers, 20, 64, 3, 1, 40141.1015625, 1.1272871494293213
burgers, 20, 64, 3, 2, 41903.53515625, 1.1457871198654175
burgers, 20, 64, 3, 3, 39712.203125, 1.1104741096496582
burgers, 20, 64, 3, 4, 42742.3671875, 1.1268494129180908
burgers, 20, 64, 3, 5, 35321.9453125, 1.151711344718933
burgers, 20, 2, 4, 1, 3232191488.0, 1.015903115272522
burgers, 20, 2, 4, 2, 4820700160.0, 1.0246914625167847
burgers, 20, 2, 4, 3, 3268405760.0, 1.1101901531219482
burgers, 20, 2, 4, 4, 39546191872.0, 1.013442873954773
burgers, 20, 2, 4, 5, 10557743104.0, 1.0585874319076538
burgers, 20, 4, 4, 1, 3668560128.0, 1.0566434860229492
burgers, 20, 4, 4, 2, 2637300736.0, 1.0331679582595825
burgers, 20, 4, 4, 3, 1499211392.0, 1.073037028312683
burgers, 20, 4, 4, 4, 2032209152.0, 1.0477802753448486
burgers, 20, 4, 4, 5, 1177764864.0, 1.0569120645523071
burgers, 20, 8, 4, 1, 1265532928.0, 1.0752031803131104
burgers, 20, 8, 4, 2, 1668478080.0, 1.0996105670928955
burgers, 20, 8, 4, 3, 621883392.0, 1.0566715002059937
burgers, 20, 8, 4, 4, 1166832256.0, 1.0394539833068848
burgers, 20, 8, 4, 5, 859060992.0, 1.0662966966629028
burgers, 20, 16, 4, 1, 104218184.0, 1.0693774223327637
burgers, 20, 16, 4, 2, 92722464.0, 1.1240342855453491
burgers, 20, 16, 4, 3, 227877616.0, 1.095176100730896
burgers, 20, 16, 4, 4, 392034880.0, 1.1047154664993286
burgers, 20, 16, 4, 5, 90950872.0, 1.0827350616455078
burgers, 20, 32, 4, 1, 21664608.0, 1.0479564666748047
burgers, 20, 32, 4, 2, 26478638.0, 1.0939100980758667
burgers, 20, 32, 4, 3, 48874252.0, 1.1006782054901123
burgers, 20, 32, 4, 4, 23318688.0, 1.162312388420105
burgers, 20, 32, 4, 5, 28060010.0, 1.060063362121582
burgers, 20, 64, 4, 1, 83717960.0, 1.0580341815948486
burgers, 20, 64, 4, 2, 58988092.0, 1.1527332067489624
burgers, 20, 64, 4, 3, 62169192.0, 1.05294668674469
burgers, 20, 64, 4, 4, 81238968.0, 1.0612130165100098
burgers, 20, 64, 4, 5, 36131672.0, 1.141357183456421
helmholtz, 5, 2, 1, 1, 26623.40234375, 4.339300632476807
helmholtz, 5, 2, 1, 2, 26760.984375, 5.246230602264404
helmholtz, 5, 2, 1, 3, 35703.0078125, 2.6168010234832764
helmholtz, 5, 2, 1, 4, 26737.265625, 0.9390882253646851
helmholtz, 5, 2, 1, 5, 22047.693359375, 3.049501895904541
helmholtz, 5, 4, 1, 1, 1768.801513671875, 0.8352721333503723
helmholtz, 5, 4, 1, 2, 3168.135986328125, 2.3618576526641846
helmholtz, 5, 4, 1, 3, 1137.244384765625, 1.5153950452804565
helmholtz, 5, 4, 1, 4, 2359.313720703125, 1.6441810131072998
helmholtz, 5, 4, 1, 5, 955.8218994140625, 1.7945212125778198
helmholtz, 5, 8, 1, 1, 137.09701538085938, 0.34845271706581116
helmholtz, 5, 8, 1, 2, 142.06735229492188, 0.5484963655471802
helmholtz, 5, 8, 1, 3, 85.17837524414062, 0.28220322728157043
helmholtz, 5, 8, 1, 4, 360.8256530761719, 0.9135397672653198
helmholtz, 5, 8, 1, 5, 155.83033752441406, 0.30011996626853943
helmholtz, 5, 16, 1, 1, 41.22785568237305, 0.11930536478757858
helmholtz, 5, 16, 1, 2, 32.34065246582031, 0.11118623614311218
helmholtz, 5, 16, 1, 3, 31.374156951904297, 0.15694673359394073
helmholtz, 5, 16, 1, 4, 42.09682846069336, 0.18002042174339294
helmholtz, 5, 16, 1, 5, 34.12900924682617, 0.16984379291534424
helmholtz, 5, 32, 1, 1, 11.892086029052734, 0.06505925208330154
helmholtz, 5, 32, 1, 2, 13.460515022277832, 0.09586071223020554
helmholtz, 5, 32, 1, 3, 13.8411283493042, 0.07943256944417953
helmholtz, 5, 32, 1, 4, 15.878705024719238, 0.06796303391456604
helmholtz, 5, 32, 1, 5, 13.07122802734375, 0.09006093442440033
helmholtz, 5, 64, 1, 1, 7.752325534820557, 0.04148637875914574
helmholtz, 5, 64, 1, 2, 7.102928161621094, 0.032959017902612686
helmholtz, 5, 64, 1, 3, 6.929691791534424, 0.04396466910839081
helmholtz, 5, 64, 1, 4, 6.132781505584717, 0.03914352506399155
helmholtz, 5, 64, 1, 5, 6.623044013977051, 0.027447575703263283
helmholtz, 5, 2, 2, 1, 8898.04296875, 1.925883173942566
helmholtz, 5, 2, 2, 2, 18148.158203125, 3.2181506156921387
helmholtz, 5, 2, 2, 3, 3708.018310546875, 3.69649338722229
helmholtz, 5, 2, 2, 4, 24406.201171875, 4.894449710845947
helmholtz, 5, 2, 2, 5, 13106.5576171875, 1.7802529335021973
helmholtz, 5, 4, 2, 1, 299.0215759277344, 0.6514435410499573
helmholtz, 5, 4, 2, 2, 198.618408203125, 0.48971065878868103
helmholtz, 5, 4, 2, 3, 298.020263671875, 0.629984438419342
helmholtz, 5, 4, 2, 4, 209.7381591796875, 0.8183826804161072
helmholtz, 5, 4, 2, 5, 106.69851684570312, 0.9496554136276245
helmholtz, 5, 8, 2, 1, 52.23925018310547, 0.24602822959423065
helmholtz, 5, 8, 2, 2, 42.89475631713867, 0.263156533241272
helmholtz, 5, 8, 2, 3, 39.570762634277344, 0.31293290853500366
helmholtz, 5, 8, 2, 4, 41.091712951660156, 0.40152257680892944
helmholtz, 5, 8, 2, 5, 43.7425537109375, 0.38109105825424194
helmholtz, 5, 16, 2, 1, 7.14624547958374, 0.06334426999092102
helmholtz, 5, 16, 2, 2, 10.407511711120605, 0.07511726021766663
helmholtz, 5, 16, 2, 3, 7.319328308105469, 0.06065019220113754
helmholtz, 5, 16, 2, 4, 10.796135902404785, 0.09408373385667801
helmholtz, 5, 16, 2, 5, 12.45191478729248, 0.10596399754285812
helmholtz, 5, 32, 2, 1, 2.4843809604644775, 0.030256375670433044
helmholtz, 5, 32, 2, 2, 2.46791934967041, 0.038260865956544876
helmholtz, 5, 32, 2, 3, 1.9590568542480469, 0.03673504292964935
helmholtz, 5, 32, 2, 4, 2.5159454345703125, 0.03624604642391205
helmholtz, 5, 32, 2, 5, 3.4297702312469482, 0.03799494355916977
helmholtz, 5, 64, 2, 1, 0.9774294495582581, 0.011665666475892067
helmholtz, 5, 64, 2, 2, 0.12637703120708466, 0.02032502181828022
helmholtz, 5, 64, 2, 3, 4.769588470458984, 0.01576494611799717
helmholtz, 5, 64, 2, 4, 0.07277403026819229, 0.015401088632643223
helmholtz, 5, 64, 2, 5, 0.13889214396476746, 0.013085203245282173
helmholtz, 5, 2, 3, 1, 22914.74609375, 1.6011401414871216
helmholtz, 5, 2, 3, 2, 10190.5068359375, 2.0219333171844482
helmholtz, 5, 2, 3, 3, 230658.734375, 1.7004923820495605
helmholtz, 5, 2, 3, 4, 10505.361328125, 1.4317370653152466
helmholtz, 5, 2, 3, 5, 8599.2880859375, 1.5945097208023071
helmholtz, 5, 4, 3, 1, 215.5959014892578, 1.1474523544311523
helmholtz, 5, 4, 3, 2, 197.35464477539062, 0.6712114810943604
helmholtz, 5, 4, 3, 3, 213.0001220703125, 0.8229534029960632
helmholtz, 5, 4, 3, 4, 276.53076171875, 1.046567678451538
helmholtz, 5, 4, 3, 5, 1358.805908203125, 1.9914498329162598
helmholtz, 5, 8, 3, 1, 54.30535125732422, 0.353584349155426
helmholtz, 5, 8, 3, 2, 49.28129959106445, 0.18192428350448608
helmholtz, 5, 8, 3, 3, 131.2528839111328, 1.0526410341262817
helmholtz, 5, 8, 3, 4, 54.3246955871582, 0.38679757714271545
helmholtz, 5, 8, 3, 5, 62.528831481933594, 0.6026661396026611
helmholtz, 5, 16, 3, 1, 11.599569320678711, 0.15295098721981049
helmholtz, 5, 16, 3, 2, 15.984407424926758, 0.1529407650232315
helmholtz, 5, 16, 3, 3, 12.956467628479004, 0.19986321032047272
helmholtz, 5, 16, 3, 4, 19.98935890197754, 0.21209639310836792
helmholtz, 5, 16, 3, 5, 22.43801498413086, 0.2923170030117035
helmholtz, 5, 32, 3, 1, 7.0733232498168945, 0.11753228306770325
helmholtz, 5, 32, 3, 2, 10.953577995300293, 0.1521797925233841
helmholtz, 5, 32, 3, 3, 1.4373292922973633, 0.2162555754184723
helmholtz, 5, 32, 3, 4, 6.314698696136475, 0.0925714448094368
helmholtz, 5, 32, 3, 5, 4.8646159172058105, 0.09769514203071594
helmholtz, 5, 64, 3, 1, 7.282423496246338, 0.08741330355405807
helmholtz, 5, 64, 3, 2, 2.1493303775787354, 0.05486856400966644
helmholtz, 5, 64, 3, 3, 1.9497238397598267, 0.09338800609111786
helmholtz, 5, 64, 3, 4, 1.2274328470230103, 0.0697137713432312
helmholtz, 5, 64, 3, 5, 0.246621236205101, 0.03559650853276253
helmholtz, 5, 2, 4, 1, 216146.53125, 1.0061118602752686
helmholtz, 5, 2, 4, 2, 10860.94140625, 1.293373465538025
helmholtz, 5, 2, 4, 3, 211263.46875, 1.0213830471038818
helmholtz, 5, 2, 4, 4, 5292.02001953125, 3.449868679046631
helmholtz, 5, 2, 4, 5, 21795.953125, 3.3846487998962402
helmholtz, 5, 4, 4, 1, 1325.512939453125, 1.5420461893081665
helmholtz, 5, 4, 4, 2, 1119.30810546875, 2.0348942279815674
helmholtz, 5, 4, 4, 3, 3121.3994140625, 1.1556339263916016
helmholtz, 5, 4, 4, 4, 894.9657592773438, 1.3674919605255127
helmholtz, 5, 4, 4, 5, 200522.84375, 1.0173038244247437
helmholtz, 5, 8, 4, 1, 335.8887023925781, 1.4510011672973633
helmholtz, 5, 8, 4, 2, 313.12994384765625, 0.5793718695640564
helmholtz, 5, 8, 4, 3, 43427.53515625, 1.1996469497680664
helmholtz, 5, 8, 4, 4, 638.4849243164062, 1.5176348686218262
helmholtz, 5, 8, 4, 5, 713.4468383789062, 1.818662166595459
helmholtz, 5, 16, 4, 1, 184.6024169921875, 0.4610143303871155
helmholtz, 5, 16, 4, 2, 266.8614501953125, 0.7277844548225403
helmholtz, 5, 16, 4, 3, 131.11276245117188, 0.6656746864318848
helmholtz, 5, 16, 4, 4, 483.365966796875, 0.8919717073440552
helmholtz, 5, 16, 4, 5, 228.61793518066406, 0.5748201608657837
helmholtz, 5, 32, 4, 1, 79.06311798095703, 0.6320227384567261
helmholtz, 5, 32, 4, 2, 132.15032958984375, 0.6539576053619385
helmholtz, 5, 32, 4, 3, 134.27777099609375, 0.6896427273750305
helmholtz, 5, 32, 4, 4, 129.7928009033203, 0.6780556440353394
helmholtz, 5, 32, 4, 5, 180.18826293945312, 0.7745815515518188
helmholtz, 5, 64, 4, 1, 49.43014144897461, 0.3398236632347107
helmholtz, 5, 64, 4, 2, 15.92873764038086, 0.28875190019607544
helmholtz, 5, 64, 4, 3, 52.375404357910156, 0.47260168194770813
helmholtz, 5, 64, 4, 4, 33.278499603271484, 0.30732500553131104
helmholtz, 5, 64, 4, 5, 20.600173950195312, 0.20919005572795868
helmholtz, 10, 2, 1, 1, 25145.98046875, 2.794609308242798
helmholtz, 10, 2, 1, 2, 13645.5400390625, 1.7819260358810425
helmholtz, 10, 2, 1, 3, 12818.7373046875, 4.003672122955322
helmholtz, 10, 2, 1, 4, 9139.9580078125, 2.2182672023773193
helmholtz, 10, 2, 1, 5, 11780.123046875, 2.195655584335327
helmholtz, 10, 4, 1, 1, 2933.74365234375, 0.7952264547348022
helmholtz, 10, 4, 1, 2, 1607.3955078125, 1.083303451538086
helmholtz, 10, 4, 1, 3, 1185.5465087890625, 1.3496861457824707
helmholtz, 10, 4, 1, 4, 1750.30810546875, 1.6043637990951538
helmholtz, 10, 4, 1, 5, 2617.165771484375, 0.8297305703163147
helmholtz, 10, 8, 1, 1, 262.2301025390625, 1.0365773439407349
helmholtz, 10, 8, 1, 2, 384.94482421875, 0.7050619125366211
helmholtz, 10, 8, 1, 3, 119.3453369140625, 0.4151424467563629
helmholtz, 10, 8, 1, 4, 330.7458190917969, 0.8682390451431274
helmholtz, 10, 8, 1, 5, 231.10919189453125, 1.2405143976211548
helmholtz, 10, 16, 1, 1, 91.81932830810547, 0.38445043563842773
helmholtz, 10, 16, 1, 2, 105.2400894165039, 0.4045143723487854
helmholtz, 10, 16, 1, 3, 121.56629180908203, 0.3005574643611908
helmholtz, 10, 16, 1, 4, 192.94288635253906, 0.7648302316665649
helmholtz, 10, 16, 1, 5, 212.79209899902344, 0.7476049065589905
helmholtz, 10, 32, 1, 1, 33.65161895751953, 0.2736036479473114
helmholtz, 10, 32, 1, 2, 53.92373275756836, 0.2890157103538513
helmholtz, 10, 32, 1, 3, 63.75908279418945, 0.3129153847694397
helmholtz, 10, 32, 1, 4, 35.416290283203125, 0.20185129344463348
helmholtz, 10, 32, 1, 5, 51.65696334838867, 0.32211679220199585
helmholtz, 10, 64, 1, 1, 19.52678871154785, 0.1370498538017273
helmholtz, 10, 64, 1, 2, 30.853771209716797, 0.23144537210464478
helmholtz, 10, 64, 1, 3, 25.657642364501953, 0.15458877384662628
helmholtz, 10, 64, 1, 4, 27.493623733520508, 0.17093729972839355
helmholtz, 10, 64, 1, 5, 30.966480255126953, 0.19913524389266968
helmholtz, 10, 2, 2, 1, 168235.515625, 0.9998132586479187
helmholtz, 10, 2, 2, 2, 293179.96875, 1.0058934688568115
helmholtz, 10, 2, 2, 3, 201503.703125, 1.007210373878479
helmholtz, 10, 2, 2, 4, 156017.84375, 1.3217432498931885
helmholtz, 10, 2, 2, 5, 192962.890625, 1.0088367462158203
helmholtz, 10, 4, 2, 1, 201707.828125, 0.9898416996002197
helmholtz, 10, 4, 2, 2, 202149.578125, 1.0280938148498535
helmholtz, 10, 4, 2, 3, 235959.5, 1.1480389833450317
helmholtz, 10, 4, 2, 4, 161402.984375, 0.9964325428009033
helmholtz, 10, 4, 2, 5, 196161.421875, 1.1193602085113525
helmholtz, 10, 8, 2, 1, 100785.078125, 1.1978965997695923
helmholtz, 10, 8, 2, 2, 98789.84375, 1.0423035621643066
helmholtz, 10, 8, 2, 3, 113446.8515625, 1.319024920463562
helmholtz, 10, 8, 2, 4, 120277.484375, 1.1708389520645142
helmholtz, 10, 8, 2, 5, 127664.125, 1.0178759098052979
helmholtz, 10, 16, 2, 1, 16537.001953125, 1.0550572872161865
helmholtz, 10, 16, 2, 2, 8708.2197265625, 1.099657654762268
helmholtz, 10, 16, 2, 3, 11386.8359375, 1.0101418495178223
helmholtz, 10, 16, 2, 4, 17505.048828125, 1.141571044921875
helmholtz, 10, 16, 2, 5, 14911.16015625, 1.0731624364852905
helmholtz, 10, 32, 2, 1, 2921.282958984375, 1.1513383388519287
helmholtz, 10, 32, 2, 2, 2531.202392578125, 1.2182260751724243
helmholtz, 10, 32, 2, 3, 848.1170654296875, 1.2586290836334229
helmholtz, 10, 32, 2, 4, 4744.8671875, 1.1926937103271484
helmholtz, 10, 32, 2, 5, 2762.631591796875, 1.2780665159225464
helmholtz, 10, 64, 2, 1, 4501.95849609375, 1.2164839506149292
helmholtz, 10, 64, 2, 2, 4081.60205078125, 1.292381763458252
helmholtz, 10, 64, 2, 3, 419.19927978515625, 1.2394344806671143
helmholtz, 10, 64, 2, 4, 4045.91015625, 1.2482420206069946
helmholtz, 10, 64, 2, 5, 1218.781494140625, 1.2572133541107178
helmholtz, 10, 2, 3, 1, 652277.6875, 4.6981587409973145
helmholtz, 10, 2, 3, 2, 194222.96875, 1.6578218936920166
helmholtz, 10, 2, 3, 3, 295932.4375, 1.5351048707962036
helmholtz, 10, 2, 3, 4, 417123.8125, 4.7029948234558105
helmholtz, 10, 2, 3, 5, 98301.4765625, 1.1459779739379883
helmholtz, 10, 4, 3, 1, 127668.46875, 2.71985125541687
helmholtz, 10, 4, 3, 2, 55174.234375, 1.1679524183273315
helmholtz, 10, 4, 3, 3, 248082.328125, 2.8614304065704346
helmholtz, 10, 4, 3, 4, 419979.625, 2.519174814224243
helmholtz, 10, 4, 3, 5, 64699.265625, 2.081998586654663
helmholtz, 10, 8, 3, 1, 81648.578125, 1.003916621208191
helmholtz, 10, 8, 3, 2, 72536.4921875, 1.001595377922058
helmholtz, 10, 8, 3, 3, 104652.046875, 1.7664872407913208
helmholtz, 10, 8, 3, 4, 215294.359375, 1.1002936363220215
helmholtz, 10, 8, 3, 5, 158388.859375, 1.3194137811660767
helmholtz, 10, 16, 3, 1, 200470.3125, 1.0540350675582886
helmholtz, 10, 16, 3, 2, 352257.8125, 1.0629429817199707
helmholtz, 10, 16, 3, 3, 454415.09375, 1.0948654413223267
helmholtz, 10, 16, 3, 4, 636534.3125, 1.2065094709396362
helmholtz, 10, 16, 3, 5, 279376.5, 1.1570208072662354
helmholtz, 10, 32, 3, 1, 117204.0, 1.1259764432907104
helmholtz, 10, 32, 3, 2, 124970.6796875, 1.1212589740753174
helmholtz, 10, 32, 3, 3, 136879.65625, 1.156435489654541
helmholtz, 10, 32, 3, 4, 270877.96875, 1.1642025709152222
helmholtz, 10, 32, 3, 5, 220435.390625, 1.1740167140960693
helmholtz, 10, 64, 3, 1, 77325.7734375, 1.1403114795684814
helmholtz, 10, 64, 3, 2, 88401.6171875, 1.1349453926086426
helmholtz, 10, 64, 3, 3, 87426.6953125, 1.142869234085083
helmholtz, 10, 64, 3, 4, 124440.7890625, 1.2082833051681519
helmholtz, 10, 64, 3, 5, 76818.7109375, 1.2055857181549072
helmholtz, 10, 2, 4, 1, 196236112.0, 7.305751323699951
helmholtz, 10, 2, 4, 2, 3666270.25, 1.192392110824585
helmholtz, 10, 2, 4, 3, 103970280.0, 3.980503559112549
helmholtz, 10, 2, 4, 4, 98405160.0, 7.235072135925293
helmholtz, 10, 2, 4, 5, 8788823.0, 5.786162376403809
helmholtz, 10, 4, 4, 1, 70133800.0, 5.347697734832764
helmholtz, 10, 4, 4, 2, 4778787.0, 4.039129734039307
helmholtz, 10, 4, 4, 3, 83674232.0, 4.725922584533691
helmholtz, 10, 4, 4, 4, 86614560.0, 6.524958610534668
helmholtz, 10, 4, 4, 5, 63145376.0, 1.8076269626617432
helmholtz, 10, 8, 4, 1, 20115472.0, 5.008080005645752
helmholtz, 10, 8, 4, 2, 7050683.0, 4.601149559020996
helmholtz, 10, 8, 4, 3, 19356000.0, 2.2786123752593994
helmholtz, 10, 8, 4, 4, 32592578.0, 2.0624539852142334
helmholtz, 10, 8, 4, 5, 60701280.0, 4.23831844329834
helmholtz, 10, 16, 4, 1, 25567516.0, 1.1428310871124268
helmholtz, 10, 16, 4, 2, 29516212.0, 1.426425814628601
helmholtz, 10, 16, 4, 3, 34924124.0, 1.1730639934539795
helmholtz, 10, 16, 4, 4, 74425768.0, 1.4641544818878174
helmholtz, 10, 16, 4, 5, 23678836.0, 1.7806334495544434
helmholtz, 10, 32, 4, 1, 13815414.0, 1.2333167791366577
helmholtz, 10, 32, 4, 2, 18239986.0, 1.119551658630371
helmholtz, 10, 32, 4, 3, 17511768.0, 1.2272635698318481
helmholtz, 10, 32, 4, 4, 23432682.0, 1.1613229513168335
helmholtz, 10, 32, 4, 5, 37471284.0, 1.1471952199935913
helmholtz, 10, 64, 4, 1, 12278386.0, 1.2017238140106201
helmholtz, 10, 64, 4, 2, 49763.62109375, 1.0112656354904175
helmholtz, 10, 64, 4, 3, 341159.25, 1.138822078704834
helmholtz, 10, 64, 4, 4, 1279453.75, 1.0109509229660034
helmholtz, 10, 64, 4, 5, 30369.427734375, 1.0080100297927856
helmholtz, 20, 2, 1, 1, 134562.09375, 1.0017166137695312
helmholtz, 20, 2, 1, 2, 145485.265625, 1.3515468835830688
helmholtz, 20, 2, 1, 3, 210144.125, 1.1768836975097656
helmholtz, 20, 2, 1, 4, 142012.375, 1.1851845979690552
helmholtz, 20, 2, 1, 5, 102804.484375, 1.001887321472168
helmholtz, 20, 4, 1, 1, 89068.3984375, 1.6767686605453491
helmholtz, 20, 4, 1, 2, 151058.265625, 1.4702489376068115
helmholtz, 20, 4, 1, 3, 172918.96875, 1.0617645978927612
helmholtz, 20, 4, 1, 4, 177273.1875, 1.0280191898345947
helmholtz, 20, 4, 1, 5, 135994.65625, 1.3028993606567383
helmholtz, 20, 8, 1, 1, 100716.5859375, 1.3401217460632324
helmholtz, 20, 8, 1, 2, 140882.671875, 1.0399775505065918
helmholtz, 20, 8, 1, 3, 111145.859375, 1.2088830471038818
helmholtz, 20, 8, 1, 4, 81638.5078125, 0.9916576743125916
helmholtz, 20, 8, 1, 5, 103549.0625, 1.0857765674591064
helmholtz, 20, 16, 1, 1, 52308.58984375, 0.9963082075119019
helmholtz, 20, 16, 1, 2, 49112.9375, 1.2552542686462402
helmholtz, 20, 16, 1, 3, 50195.5625, 1.090852975845337
helmholtz, 20, 16, 1, 4, 49093.625, 1.056104063987732
helmholtz, 20, 16, 1, 5, 53195.60546875, 1.3377119302749634
helmholtz, 20, 32, 1, 1, 26233.404296875, 1.0657795667648315
helmholtz, 20, 32, 1, 2, 23022.974609375, 1.0541417598724365
helmholtz, 20, 32, 1, 3, 23363.71875, 1.019005537033081
helmholtz, 20, 32, 1, 4, 24114.29296875, 1.0312467813491821
helmholtz, 20, 32, 1, 5, 24607.19140625, 1.2004433870315552
helmholtz, 20, 64, 1, 1, 2718.86083984375, 1.0863996744155884
helmholtz, 20, 64, 1, 2, 2596.68896484375, 1.184086799621582
helmholtz, 20, 64, 1, 3, 2412.841796875, 1.031285047531128
helmholtz, 20, 64, 1, 4, 3370.54296875, 1.1922575235366821
helmholtz, 20, 64, 1, 5, 2601.966064453125, 1.0503329038619995
helmholtz, 20, 2, 2, 1, 19624062.0, 1.4136525392532349
helmholtz, 20, 2, 2, 2, 14767298.0, 1.691940426826477
helmholtz, 20, 2, 2, 3, 13141715.0, 5.364694118499756
helmholtz, 20, 2, 2, 4, 5330499.5, 4.477099418640137
helmholtz, 20, 2, 2, 5, 54173092.0, 7.464847087860107
helmholtz, 20, 4, 2, 1, 25565198.0, 1.0225478410720825
helmholtz, 20, 4, 2, 2, 25815014.0, 5.167384624481201
helmholtz, 20, 4, 2, 3, 2267012.75, 1.0095957517623901
helmholtz, 20, 4, 2, 4, 3173418.0, 4.188850402832031
helmholtz, 20, 4, 2, 5, 8966566.0, 1.896178960800171
helmholtz, 20, 8, 2, 1, 1968572.875, 4.241218090057373
helmholtz, 20, 8, 2, 2, 1243143.5, 3.9246506690979004
helmholtz, 20, 8, 2, 3, 3033570.75, 1.0078119039535522
helmholtz, 20, 8, 2, 4, 2765902.5, 1.4524266719818115
helmholtz, 20, 8, 2, 5, 4959696.0, 3.0655510425567627
helmholtz, 20, 16, 2, 1, 5751749.5, 1.180415153503418
helmholtz, 20, 16, 2, 2, 16425738.0, 1.2134722471237183
helmholtz, 20, 16, 2, 3, 24493328.0, 1.2255278825759888
helmholtz, 20, 16, 2, 4, 13944872.0, 1.2397009134292603
helmholtz, 20, 16, 2, 5, 16817800.0, 1.2432754039764404
helmholtz, 20, 32, 2, 1, 4366542.0, 1.3168342113494873
helmholtz, 20, 32, 2, 2, 5001057.5, 1.319817304611206
helmholtz, 20, 32, 2, 3, 14315292.0, 1.2990057468414307
helmholtz, 20, 32, 2, 4, 3369741.75, 1.338274359703064
helmholtz, 20, 32, 2, 5, 4834626.5, 1.3198890686035156
helmholtz, 20, 64, 2, 1, 3664739.0, 1.243756890296936
helmholtz, 20, 64, 2, 2, 2836224.5, 1.2803428173065186
helmholtz, 20, 64, 2, 3, 3756589.5, 1.2730168104171753
helmholtz, 20, 64, 2, 4, 3279527.75, 1.2420581579208374
helmholtz, 20, 64, 2, 5, 3332466.5, 1.2844806909561157
helmholtz, 20, 2, 3, 1, 130775572480.0, 4.627810001373291
helmholtz, 20, 2, 3, 2, 298491871232.0, 4.69919490814209
helmholtz, 20, 2, 3, 3, 130299215872.0, 5.784917831420898
helmholtz, 20, 2, 3, 4, 614240354304.0, 1.032270073890686
helmholtz, 20, 2, 3, 5, 345475055616.0, 4.007510662078857
helmholtz, 20, 4, 3, 1, 104798568448.0, 8.156328201293945
helmholtz, 20, 4, 3, 2, 77344727040.0, 6.880021095275879
helmholtz, 20, 4, 3, 3, 21360144384.0, 3.6186814308166504
helmholtz, 20, 4, 3, 4, 42716913664.0, 7.324021816253662
helmholtz, 20, 4, 3, 5, 45055246336.0, 2.7289702892303467
helmholtz, 20, 8, 3, 1, 21155549184.0, 1.8923044204711914
helmholtz, 20, 8, 3, 2, 35065171968.0, 3.5968551635742188
helmholtz, 20, 8, 3, 3, 21760616448.0, 5.006866455078125
helmholtz, 20, 8, 3, 4, 23994177536.0, 1.7041717767715454
helmholtz, 20, 8, 3, 5, 26833887232.0, 1.1878834962844849
helmholtz, 20, 16, 3, 1, 19267686400.0, 1.1571154594421387
helmholtz, 20, 16, 3, 2, 20468707328.0, 1.5245712995529175
helmholtz, 20, 16, 3, 3, 19860500480.0, 1.142559289932251
helmholtz, 20, 16, 3, 4, 17749757952.0, 1.1780552864074707
helmholtz, 20, 16, 3, 5, 15952867328.0, 1.3366223573684692
helmholtz, 20, 32, 3, 1, 11045946368.0, 1.214175820350647
helmholtz, 20, 32, 3, 2, 14364762112.0, 1.3314486742019653
helmholtz, 20, 32, 3, 3, 16599175168.0, 1.230413556098938
helmholtz, 20, 32, 3, 4, 12273374208.0, 1.364587426185608
helmholtz, 20, 32, 3, 5, 13320368128.0, 1.3833179473876953
helmholtz, 20, 64, 3, 1, 8851422208.0, 1.279560923576355
helmholtz, 20, 64, 3, 2, 9063680000.0, 1.4019110202789307
helmholtz, 20, 64, 3, 3, 9223541760.0, 1.1920385360717773
helmholtz, 20, 64, 3, 4, 8591668224.0, 1.1762349605560303
helmholtz, 20, 64, 3, 5, 8431904256.0, 1.3886157274246216
helmholtz, 20, 2, 4, 1, 1515778650144768.0, 6.040144920349121
helmholtz, 20, 2, 4, 2, 1024618672422912.0, 5.762411594390869
helmholtz, 20, 2, 4, 3, 119047316307968.0, 1.00490403175354
helmholtz, 20, 2, 4, 4, 3.751929669956403e+16, 2.389376163482666
helmholtz, 20, 2, 4, 5, 202244708368384.0, 6.292557239532471
helmholtz, 20, 4, 4, 1, 116939108122624.0, 7.7749714851379395
helmholtz, 20, 4, 4, 2, 118759595442176.0, 6.817988872528076
helmholtz, 20, 4, 4, 3, 29667358670848.0, 5.752583980560303
helmholtz, 20, 4, 4, 4, 59076029448192.0, 5.544618606567383
helmholtz, 20, 4, 4, 5, 74338116042752.0, 7.471999645233154
helmholtz, 20, 8, 4, 1, 90952987312128.0, 1.1307564973831177
helmholtz, 20, 8, 4, 2, 134192184688640.0, 2.1380410194396973
helmholtz, 20, 8, 4, 3, 79046054510592.0, 2.6589605808258057
helmholtz, 20, 8, 4, 4, 63714778677248.0, 1.1375792026519775
helmholtz, 20, 8, 4, 5, 108548520411136.0, 2.281085968017578
helmholtz, 20, 16, 4, 1, 64049597382656.0, 1.216354489326477
helmholtz, 20, 16, 4, 2, 41772487016448.0, 2.226469039916992
helmholtz, 20, 16, 4, 3, 22464560103424.0, 1.0749112367630005
helmholtz, 20, 16, 4, 4, 60667495186432.0, 1.6659091711044312
helmholtz, 20, 16, 4, 5, 47348415725568.0, 1.3863108158111572
helmholtz, 20, 32, 4, 1, 15671431790592.0, 1.1513937711715698
helmholtz, 20, 32, 4, 2, 19248061612032.0, 1.3033931255340576
helmholtz, 20, 32, 4, 3, 2789345853440.0, 1.0821069478988647
helmholtz, 20, 32, 4, 4, 8049345429504.0, 1.2818034887313843
helmholtz, 20, 32, 4, 5, 5756888285184.0, 1.2176902294158936
helmholtz, 20, 64, 4, 1, 13711198650368.0, 1.3727060556411743
helmholtz, 20, 64, 4, 2, 13049285050368.0, 1.6053903102874756
helmholtz, 20, 64, 4, 3, 14897291198464.0, 1.1721962690353394
helmholtz, 20, 64, 4, 4, 5714921652224.0, 1.0631037950515747
helmholtz, 20, 64, 4, 5, 13846810984448.0, 1.401641845703125
