pde, G, width, depth, run, loss, l2
allen-cahn, 5, 2, 1, 1, 0.03449475020170212, 0.7701683640480042
allen-cahn, 5, 2, 1, 2, 0.03072233870625496, 0.77543705701828
allen-cahn, 5, 2, 1, 3, 0.1297486573457718, 1.0622379779815674
allen-cahn, 5, 2, 1, 4, 0.03522947430610657, 0.7271357178688049
allen-cahn, 5, 2, 1, 5, 0.027989739552140236, 0.728516161441803
allen-cahn, 5, 4, 1, 1, 0.049887482076883316, 0.9391894936561584
allen-cahn, 5, 4, 1, 2, 0.02547227405011654, 0.733860969543457
allen-cahn, 5, 4, 1, 3, 0.03222529590129852, 0.7876101732254028
allen-cahn, 5, 4, 1, 4, 0.09093067049980164, 1.0487375259399414
allen-cahn, 5, 4, 1, 5, 0.019264476373791695, 0.6213251352310181
allen-cahn, 5, 8, 1, 1, 0.022749945521354675, 0.7070423364639282
allen-cahn, 5, 8, 1, 2, 0.025993291288614273, 0.7516505122184753
allen-cahn, 5, 8, 1, 3, 0.01985647901892662, 0.6494002938270569
allen-cahn, 5, 8, 1, 4, 0.02705284021794796, 0.7567299604415894
allen-cahn, 5, 8, 1, 5, 0.02424021065235138, 0.701947033405304
allen-cahn, 5, 16, 1, 1, 0.022080514580011368, 0.720267653465271
allen-cahn, 5, 16, 1, 2, 0.022236663848161697, 0.6846272349357605
allen-cahn, 5, 16, 1, 3, 0.03215163201093674, 0.8723511099815369
allen-cahn, 5, 16, 1, 4, 0.025143278762698174, 0.755195140838623
allen-cahn, 5, 16, 1, 5, 0.02747698873281479, 0.7580955624580383
allen-cahn, 5, 32, 1, 1, 0.02570599876344204, 0.7902091145515442
allen-cahn, 5, 32, 1, 2, 0.021840661764144897, 0.6651880741119385
allen-cahn, 5, 32, 1, 3, 0.029118042439222336, 0.8324761390686035
allen-cahn, 5, 32, 1, 4, 0.025761418044567108, 0.7846661806106567
allen-cahn, 5, 32, 1, 5, 0.028528161346912384, 0.7720611691474915
allen-cahn, 5, 64, 1, 1, 0.03721391409635544, 0.8919958472251892
allen-cahn, 5, 64, 1, 2, 0.04096853733062744, 0.8729602098464966
allen-cahn, 5, 64, 1, 3, 0.04401896893978119, 0.8997770547866821
allen-cahn, 5, 64, 1, 4, 0.03377163037657738, 0.8672531843185425
allen-cahn, 5, 64, 1, 5, 0.03512563183903694, 0.8697057962417603
allen-cahn, 5, 2, 2, 1, 0.0171225443482399, 0.5836192965507507
allen-cahn, 5, 2, 2, 2, 0.01578494906425476, 0.5666153430938721
allen-cahn, 5, 2, 2, 3, 0.015505642630159855, 0.5369889736175537
allen-cahn, 5, 2, 2, 4, 0.015565915033221245, 0.5419750809669495
allen-cahn, 5, 2, 2, 5, 0.01564091071486473, 0.5399999022483826
allen-cahn, 5, 4, 2, 1, 0.01564115844666958, 0.5551748871803284
allen-cahn, 5, 4, 2, 2, 0.015451669692993164, 0.5411007404327393
allen-cahn, 5, 4, 2, 3, 0.01575770229101181, 0.5543140769004822
allen-cahn, 5, 4, 2, 4, 0.015874948352575302, 0.5379202365875244
allen-cahn, 5, 4, 2, 5, 0.01586795598268509, 0.5505318641662598
allen-cahn, 5, 8, 2, 1, 0.016550838947296143, 0.5681095123291016
allen-cahn, 5, 8, 2, 2, 0.01567639224231243, 0.5404952764511108
allen-cahn, 5, 8, 2, 3, 0.015426699072122574, 0.55571049451828
allen-cahn, 5, 8, 2, 4, 0.016623683273792267, 0.5829732418060303
allen-cahn, 5, 8, 2, 5, 0.01558904442936182, 0.5634686946868896
allen-cahn, 5, 16, 2, 1, 0.01641850918531418, 0.5621221661567688
allen-cahn, 5, 16, 2, 2, 0.015389479696750641, 0.5451407432556152
allen-cahn, 5, 16, 2, 3, 0.01601409539580345, 0.5595256090164185
allen-cahn, 5, 16, 2, 4, 0.01542314887046814, 0.5373331308364868
allen-cahn, 5, 16, 2, 5, 0.016721203923225403, 0.5356011390686035
allen-cahn, 5, 32, 2, 1, 0.016098598018288612, 0.5763955116271973
allen-cahn, 5, 32, 2, 2, 0.02731308713555336, 0.5590808987617493
allen-cahn, 5, 32, 2, 3, 0.017761757597327232, 0.6118241548538208
allen-cahn, 5, 32, 2, 4, 0.08187408745288849, 0.6212029457092285
allen-cahn, 5, 32, 2, 5, 0.017052670940756798, 0.5896682739257812
allen-cahn, 5, 64, 2, 1, 0.04803762957453728, 0.6655434966087341
allen-cahn, 5, 64, 2, 2, 0.025709079578518867, 0.7362726330757141
allen-cahn, 5, 64, 2, 3, 0.021391931921243668, 0.7663370370864868
allen-cahn, 5, 64, 2, 4, 0.018198462203145027, 0.649040699005127
allen-cahn, 5, 64, 2, 5, 0.02191448211669922, 0.7461221814155579
allen-cahn, 5, 2, 3, 1, 0.015397824347019196, 0.5335342288017273
allen-cahn, 5, 2, 3, 2, 0.015254000201821327, 0.5371173024177551
allen-cahn, 5, 2, 3, 3, 0.014872531406581402, 0.5366207957267761
allen-cahn, 5, 2, 3, 4, 0.015398005954921246, 0.5259226560592651
allen-cahn, 5, 2, 3, 5, 0.015390348620712757, 0.5352743268013
allen-cahn, 5, 4, 3, 1, 0.01534345094114542, 0.5346814393997192
allen-cahn, 5, 4, 3, 2, 0.015304181724786758, 0.5425295829772949
allen-cahn, 5, 4, 3, 3, 0.01544095203280449, 0.5339601635932922
allen-cahn, 5, 4, 3, 4, 0.015456277877092361, 0.5422335863113403
allen-cahn, 5, 4, 3, 5, 0.014972567558288574, 0.529620885848999
allen-cahn, 5, 8, 3, 1, 0.01568056084215641, 0.5286939740180969
allen-cahn, 5, 8, 3, 2, 0.015059849247336388, 0.5320377349853516
allen-cahn, 5, 8, 3, 3, 0.015410231426358223, 0.532403290271759
allen-cahn, 5, 8, 3, 4, 0.015386119484901428, 0.5292408466339111
allen-cahn, 5, 8, 3, 5, 0.015865886583924294, 0.5225849747657776
allen-cahn, 5, 16, 3, 1, 0.014427200891077518, 0.5083797574043274
allen-cahn, 5, 16, 3, 2, 0.0011832958552986383, 0.14724376797676086
allen-cahn, 5, 16, 3, 3, 0.014095911756157875, 0.4726385772228241
allen-cahn, 5, 16, 3, 4, 0.012873545289039612, 0.3669472634792328
allen-cahn, 5, 16, 3, 5, 0.0025495083536952734, 0.2397051751613617
allen-cahn, 5, 32, 3, 1, 0.01669372245669365, 0.5819612145423889
allen-cahn, 5, 32, 3, 2, 0.017746049910783768, 0.5547893047332764
allen-cahn, 5, 32, 3, 3, 0.016207637265324593, 0.6492747068405151
allen-cahn, 5, 32, 3, 4, 0.015195682644844055, 0.5631668567657471
allen-cahn, 5, 32, 3, 5, 0.02349821664392948, 0.6013616323471069
allen-cahn, 5, 64, 3, 1, 0.03604064881801605, 1.0239322185516357
allen-cahn, 5, 64, 3, 2, 0.01630089245736599, 0.6466103792190552
allen-cahn, 5, 64, 3, 3, 0.013554411940276623, 0.6758303046226501
allen-cahn, 5, 64, 3, 4, 0.029890872538089752, 0.8184574246406555
allen-cahn, 5, 64, 3, 5, 0.9496802091598511, 0.738020122051239
allen-cahn, 5, 2, 4, 1, 0.015522808767855167, 0.5434978604316711
allen-cahn, 5, 2, 4, 2, 0.1265847533941269, 0.7567591667175293
allen-cahn, 5, 2, 4, 3, 0.015434663742780685, 0.5294857621192932
allen-cahn, 5, 2, 4, 4, 0.11669035255908966, 0.6893430352210999
allen-cahn, 5, 2, 4, 5, 0.015257297083735466, 0.5323142409324646
allen-cahn, 5, 4, 4, 1, 0.015225572511553764, 0.5383237600326538
allen-cahn, 5, 4, 4, 2, 0.015159731730818748, 0.5340737104415894
allen-cahn, 5, 4, 4, 3, 0.015449250116944313, 0.532792866230011
allen-cahn, 5, 4, 4, 4, 0.015024574473500252, 0.5325875282287598
allen-cahn, 5, 4, 4, 5, 0.015043335035443306, 0.5271274447441101
allen-cahn, 5, 8, 4, 1, 0.0011066622100770473, 0.1482909619808197
allen-cahn, 5, 8, 4, 2, 0.014818297699093819, 0.5227000713348389
allen-cahn, 5, 8, 4, 3, 0.014421248808503151, 0.49913233518600464
allen-cahn, 5, 8, 4, 4, 0.013295738957822323, 0.4299989342689514
allen-cahn, 5, 8, 4, 5, 0.015037694945931435, 0.5279393792152405
allen-cahn, 5, 16, 4, 1, 0.0036941333673894405, 0.23626917600631714
allen-cahn, 5, 16, 4, 2, 0.0010592462494969368, 0.15507559478282928
allen-cahn, 5, 16, 4, 3, 0.011741516180336475, 0.39173784852027893
allen-cahn, 5, 16, 4, 4, 0.00045881024561822414, 0.12248740345239639
allen-cahn, 5, 16, 4, 5, 0.011303884908556938, 0.5477126836776733
allen-cahn, 5, 32, 4, 1, 0.02113983780145645, 0.5266906023025513
allen-cahn, 5, 32, 4, 2, 0.014160094782710075, 0.640396237373352
allen-cahn, 5, 32, 4, 3, 0.01427283976227045, 0.5207444429397583
allen-cahn, 5, 32, 4, 4, 0.019517160952091217, 0.5971090793609619
allen-cahn, 5, 32, 4, 5, 0.017494939267635345, 0.5567998290061951
allen-cahn, 5, 64, 4, 1, 0.03460049629211426, 0.4703158140182495
allen-cahn, 5, 64, 4, 2, 0.028600767254829407, 0.5986460447311401
allen-cahn, 5, 64, 4, 3, 0.015725137665867805, 0.6916225552558899
allen-cahn, 5, 64, 4, 4, 0.03236517310142517, 0.6161669492721558
allen-cahn, 5, 64, 4, 5, 0.022258367389440536, 0.7929629683494568
allen-cahn, 10, 2, 1, 1, 0.01910404860973358, 0.5366397500038147
allen-cahn, 10, 2, 1, 2, 0.022062569856643677, 0.5344530344009399
allen-cahn, 10, 2, 1, 3, 0.019343921914696693, 0.5503136515617371
allen-cahn, 10, 2, 1, 4, 0.016067136079072952, 0.5523660182952881
allen-cahn, 10, 2, 1, 5, 0.02521420270204544, 0.5222504138946533
allen-cahn, 10, 4, 1, 1, 0.03254949674010277, 0.8616344332695007
allen-cahn, 10, 4, 1, 2, 0.018815040588378906, 0.6262902617454529
allen-cahn, 10, 4, 1, 3, 0.01901543326675892, 0.6188427805900574
allen-cahn, 10, 4, 1, 4, 0.016132347285747528, 0.5403510928153992
allen-cahn, 10, 4, 1, 5, 0.01644238829612732, 0.558057427406311
allen-cahn, 10, 8, 1, 1, 0.02458086609840393, 0.7448549866676331
allen-cahn, 10, 8, 1, 2, 0.016924139112234116, 0.6083260774612427
allen-cahn, 10, 8, 1, 3, 0.015533450059592724, 0.5584562420845032
allen-cahn, 10, 8, 1, 4, 0.01561940461397171, 0.5424457788467407
allen-cahn, 10, 8, 1, 5, 0.01691724918782711, 0.5526619553565979
allen-cahn, 10, 16, 1, 1, 0.01874648779630661, 0.646140456199646
allen-cahn, 10, 16, 1, 2, 0.015922822058200836, 0.5578282475471497
allen-cahn, 10, 16, 1, 3, 0.016574125736951828, 0.5645070672035217
allen-cahn, 10, 16, 1, 4, 0.01986800879240036, 0.672544538974762
allen-cahn, 10, 16, 1, 5, 0.019214291125535965, 0.6748354434967041
allen-cahn, 10, 32, 1, 1, 0.017903117462992668, 0.6657165884971619
allen-cahn, 10, 32, 1, 2, 0.018143240362405777, 0.6289106011390686
allen-cahn, 10, 32, 1, 3, 0.021416373550891876, 0.649125874042511
allen-cahn, 10, 32, 1, 4, 0.022343341261148453, 0.6677865982055664
allen-cahn, 10, 32, 1, 5, 0.019125085324048996, 0.6579459309577942
allen-cahn, 10, 64, 1, 1, 0.03409384936094284, 0.7014002799987793
allen-cahn, 10, 64, 1, 2, 0.0210590697824955, 0.6767475008964539
allen-cahn, 10, 64, 1, 3, 0.03360197693109512, 0.7166033983230591
allen-cahn, 10, 64, 1, 4, 0.02765658125281334, 0.7153046727180481
allen-cahn, 10, 64, 1, 5, 0.03524358198046684, 0.7127568125724792
allen-cahn, 10, 2, 2, 1, 0.5220728516578674, 0.8035758137702942
allen-cahn, 10, 2, 2, 2, 0.9933304786682129, 1.0004905462265015
allen-cahn, 10, 2, 2, 3, 0.014781941659748554, 0.5324182510375977
allen-cahn, 10, 2, 2, 4, 0.015232117846608162, 0.5405615568161011
allen-cahn, 10, 2, 2, 5, 0.015402042306959629, 0.5429275035858154
allen-cahn, 10, 4, 2, 1, 0.015081477351486683, 0.5286136269569397
allen-cahn, 10, 4, 2, 2, 0.01575114205479622, 0.5344300866127014
allen-cahn, 10, 4, 2, 3, 0.014771530404686928, 0.5167580842971802
allen-cahn, 10, 4, 2, 4, 0.011666655540466309, 0.35788586735725403
allen-cahn, 10, 4, 2, 5, 0.014809409156441689, 0.5115683674812317
allen-cahn, 10, 8, 2, 1, 0.014855609275400639, 0.5215165019035339
allen-cahn, 10, 8, 2, 2, 0.014982285909354687, 0.5123494267463684
allen-cahn, 10, 8, 2, 3, 0.014255453832447529, 0.49700674414634705
allen-cahn, 10, 8, 2, 4, 0.0012014806270599365, 0.152103453874588
allen-cahn, 10, 8, 2, 5, 0.014544917270541191, 0.5095106959342957
allen-cahn, 10, 16, 2, 1, 0.001850093132816255, 0.1956288069486618
allen-cahn, 10, 16, 2, 2, 0.01485222578048706, 0.5052091479301453
allen-cahn, 10, 16, 2, 3, 0.010274473577737808, 0.37485867738723755
allen-cahn, 10, 16, 2, 4, 0.020020367577672005, 0.549163281917572
allen-cahn, 10, 16, 2, 5, 0.014222526922821999, 0.5034384727478027
allen-cahn, 10, 32, 2, 1, 0.016886459663510323, 0.5808084011077881
allen-cahn, 10, 32, 2, 2, 0.016436193138360977, 0.48668599128723145
allen-cahn, 10, 32, 2, 3, 0.015968190506100655, 0.4583141803741455
allen-cahn, 10, 32, 2, 4, 0.012981128878891468, 0.38736194372177124
allen-cahn, 10, 32, 2, 5, 0.01778298057615757, 0.5664710998535156
allen-cahn, 10, 64, 2, 1, 0.012583980336785316, 0.4609181880950928
allen-cahn, 10, 64, 2, 2, 0.020786665380001068, 0.4277392327785492
allen-cahn, 10, 64, 2, 3, 0.030460651963949203, 0.6527045369148254
allen-cahn, 10, 64, 2, 4, 0.01503737736493349, 0.5167388319969177
allen-cahn, 10, 64, 2, 5, 0.01837741956114769, 0.4442369341850281
allen-cahn, 10, 2, 3, 1, 0.015261930413544178, 0.5386857390403748
allen-cahn, 10, 2, 3, 2, 0.4512924253940582, 0.8981923460960388
allen-cahn, 10, 2, 3, 3, 0.0013379366137087345, 0.19606201350688934
allen-cahn, 10, 2, 3, 4, 0.014951619319617748, 0.529874861240387
allen-cahn, 10, 2, 3, 5, 0.46848025918006897, 1.0169161558151245
allen-cahn, 10, 4, 3, 1, 0.014926770702004433, 0.5232949256896973
allen-cahn, 10, 4, 3, 2, 0.01459105871617794, 0.5069260597229004
allen-cahn, 10, 4, 3, 3, 0.014827984385192394, 0.5286322236061096
allen-cahn, 10, 4, 3, 4, 0.014705166220664978, 0.5191540718078613
allen-cahn, 10, 4, 3, 5, 0.06306830048561096, 0.7080938220024109
allen-cahn, 10, 8, 3, 1, 0.01501784659922123, 0.5206100344657898
allen-cahn, 10, 8, 3, 2, 0.014628026634454727, 0.5000686645507812
allen-cahn, 10, 8, 3, 3, 0.013264280743896961, 0.4571058750152588
allen-cahn, 10, 8, 3, 4, 0.0031844000332057476, 0.24289077520370483
allen-cahn, 10, 8, 3, 5, 0.014442147687077522, 0.5117441415786743
allen-cahn, 10, 16, 3, 1, 0.002551859011873603, 0.17580880224704742
allen-cahn, 10, 16, 3, 2, 0.002260059118270874, 0.14789162576198578
allen-cahn, 10, 16, 3, 3, 0.016709575429558754, 0.4851716160774231
allen-cahn, 10, 16, 3, 4, 0.01100493036210537, 0.339638352394104
allen-cahn, 10, 16, 3, 5, 0.01561412401497364, 0.5537287592887878
allen-cahn, 10, 32, 3, 1, 0.024961896240711212, 0.6168223023414612
allen-cahn, 10, 32, 3, 2, 0.013905574567615986, 0.5060868263244629
allen-cahn, 10, 32, 3, 3, 0.02912522666156292, 0.5764312148094177
allen-cahn, 10, 32, 3, 4, 0.017670944333076477, 0.565312922000885
allen-cahn, 10, 32, 3, 5, 0.03166394308209419, 0.517746090888977
allen-cahn, 10, 64, 3, 1, 0.035409845411777496, 0.7659898400306702
allen-cahn, 10, 64, 3, 2, 0.02570982463657856, 0.7052150368690491
allen-cahn, 10, 64, 3, 3, 0.03421963378787041, 0.7042280435562134
allen-cahn, 10, 64, 3, 4, 0.025199750438332558, 0.6801778674125671
allen-cahn, 10, 64, 3, 5, 0.0265323705971241, 0.6340174674987793
allen-cahn, 10, 2, 4, 1, 0.5880381464958191, 0.9577915072441101
allen-cahn, 10, 2, 4, 2, 0.4554147720336914, 0.9643250703811646
allen-cahn, 10, 2, 4, 3, 0.014776057563722134, 0.5402984619140625
allen-cahn, 10, 2, 4, 4, 0.014621433801949024, 0.5237634778022766
allen-cahn, 10, 2, 4, 5, 0.2386472225189209, 0.8796570301055908
allen-cahn, 10, 4, 4, 1, 0.014730767346918583, 0.5167277455329895
allen-cahn, 10, 4, 4, 2, 0.015050435438752174, 0.5234630107879639
allen-cahn, 10, 4, 4, 3, 0.014766186475753784, 0.5195116996765137
allen-cahn, 10, 4, 4, 4, 0.014805147424340248, 0.5184106826782227
allen-cahn, 10, 4, 4, 5, 0.01460467278957367, 0.5160558819770813
allen-cahn, 10, 8, 4, 1, 0.015182709321379662, 0.5053045153617859
allen-cahn, 10, 8, 4, 2, 0.014523867517709732, 0.5171917676925659
allen-cahn, 10, 8, 4, 3, 0.0020669992081820965, 0.1467081755399704
allen-cahn, 10, 8, 4, 4, 0.014244272373616695, 0.5149950981140137
allen-cahn, 10, 8, 4, 5, 0.01452848594635725, 0.5121129155158997
allen-cahn, 10, 16, 4, 1, 0.013413973152637482, 0.4806293845176697
allen-cahn, 10, 16, 4, 2, 0.014445997774600983, 0.513453483581543
allen-cahn, 10, 16, 4, 3, 0.01266320887953043, 0.448617160320282
allen-cahn, 10, 16, 4, 4, 0.013326026499271393, 0.5165714621543884
allen-cahn, 10, 16, 4, 5, 0.015618323348462582, 0.5532169342041016
allen-cahn, 10, 32, 4, 1, 0.03203602135181427, 0.832892119884491
allen-cahn, 10, 32, 4, 2, 0.019394755363464355, 0.6317363977432251
allen-cahn, 10, 32, 4, 3, 0.03500688076019287, 0.8581289052963257
allen-cahn, 10, 32, 4, 4, 0.04490366578102112, 0.860155463218689
allen-cahn, 10, 32, 4, 5, 0.021922007203102112, 0.7622209787368774
allen-cahn, 10, 64, 4, 1, 0.16606366634368896, 1.1383575201034546
allen-cahn, 10, 64, 4, 2, 0.10446076840162277, 0.8937644958496094
allen-cahn, 10, 64, 4, 3, 0.05291476100683212, 0.8462072014808655
allen-cahn, 10, 64, 4, 4, 0.13547156751155853, 0.8462798595428467
allen-cahn, 10, 64, 4, 5, 0.008698863908648491, 0.8962436318397522
allen-cahn, 20, 2, 1, 1, 0.5273225903511047, 1.0409542322158813
allen-cahn, 20, 2, 1, 2, 0.04752882570028305, 0.6168020367622375
allen-cahn, 20, 2, 1, 3, 0.7704118490219116, 0.9420497417449951
allen-cahn, 20, 2, 1, 4, 0.012695186771452427, 0.5252598524093628
allen-cahn, 20, 2, 1, 5, 0.7145057916641235, 0.9767189025878906
allen-cahn, 20, 4, 1, 1, 0.058311574161052704, 0.8490344285964966
allen-cahn, 20, 4, 1, 2, 0.014662721194326878, 0.598251461982727
allen-cahn, 20, 4, 1, 3, 0.015096085146069527, 0.5423293113708496
allen-cahn, 20, 4, 1, 4, 0.017552848905324936, 0.5947905778884888
allen-cahn, 20, 4, 1, 5, 0.06613188982009888, 0.7839267253875732
allen-cahn, 20, 8, 1, 1, 0.0165023822337389, 0.5878648161888123
allen-cahn, 20, 8, 1, 2, 0.0159139484167099, 0.5731757879257202
allen-cahn, 20, 8, 1, 3, 0.015535392798483372, 0.5461528301239014
allen-cahn, 20, 8, 1, 4, 0.015455048531293869, 0.5333031415939331
allen-cahn, 20, 8, 1, 5, 0.014852635562419891, 0.5101529955863953
allen-cahn, 20, 16, 1, 1, 0.014733046293258667, 0.5289942622184753
allen-cahn, 20, 16, 1, 2, 0.015097315423190594, 0.5429713726043701
allen-cahn, 20, 16, 1, 3, 0.012816144153475761, 0.47083598375320435
allen-cahn, 20, 16, 1, 4, 0.015076087787747383, 0.5424351692199707
allen-cahn, 20, 16, 1, 5, 0.014650361612439156, 0.5317550301551819
allen-cahn, 20, 32, 1, 1, 0.016382478177547455, 0.6302677989006042
allen-cahn, 20, 32, 1, 2, 0.015449747443199158, 0.575293242931366
allen-cahn, 20, 32, 1, 3, 0.014015914872288704, 0.47363555431365967
allen-cahn, 20, 32, 1, 4, 0.01582358404994011, 0.5461204648017883
allen-cahn, 20, 32, 1, 5, 0.016364583745598793, 0.6282221674919128
allen-cahn, 20, 64, 1, 1, 0.016883501783013344, 0.629740297794342
allen-cahn, 20, 64, 1, 2, 0.04233007878065109, 0.595609724521637
allen-cahn, 20, 64, 1, 3, 0.015688341110944748, 0.5939074754714966
allen-cahn, 20, 64, 1, 4, 0.016834676265716553, 0.5727900862693787
allen-cahn, 20, 64, 1, 5, 0.019001975655555725, 0.6733898520469666
allen-cahn, 20, 2, 2, 1, 0.012699390761554241, 0.6197606325149536
allen-cahn, 20, 2, 2, 2, 0.17308661341667175, 0.9864813685417175
allen-cahn, 20, 2, 2, 3, 0.016109097748994827, 0.7328118085861206
allen-cahn, 20, 2, 2, 4, 0.014665388502180576, 0.5237032175064087
allen-cahn, 20, 2, 2, 5, 0.014500991441309452, 0.5225322246551514
allen-cahn, 20, 4, 2, 1, 0.014314332976937294, 0.5226432085037231
allen-cahn, 20, 4, 2, 2, 0.01393812894821167, 0.4970985949039459
allen-cahn, 20, 4, 2, 3, 0.014012535102665424, 0.5182800889015198
allen-cahn, 20, 4, 2, 4, 0.016698572784662247, 0.8000109791755676
allen-cahn, 20, 4, 2, 5, 0.027769356966018677, 0.8099293112754822
allen-cahn, 20, 8, 2, 1, 0.012660622596740723, 0.58085036277771
allen-cahn, 20, 8, 2, 2, 0.013694984838366508, 0.5372133851051331
allen-cahn, 20, 8, 2, 3, 0.01173296570777893, 0.6201985478401184
allen-cahn, 20, 8, 2, 4, 0.035976335406303406, 0.8354620337486267
allen-cahn, 20, 8, 2, 5, 0.017940714955329895, 0.8232110738754272
allen-cahn, 20, 16, 2, 1, 0.01084674522280693, 0.7843843698501587
allen-cahn, 20, 16, 2, 2, 0.011365804821252823, 0.7856215238571167
allen-cahn, 20, 16, 2, 3, 0.014522546902298927, 0.596503734588623
allen-cahn, 20, 16, 2, 4, 0.013126315549015999, 0.6687509417533875
allen-cahn, 20, 16, 2, 5, 0.018437914550304413, 0.7187790870666504
allen-cahn, 20, 32, 2, 1, 0.15949130058288574, 0.9465413689613342
allen-cahn, 20, 32, 2, 2, 0.07062849402427673, 0.8923876881599426
allen-cahn, 20, 32, 2, 3, 0.10715058445930481, 0.8047652244567871
allen-cahn, 20, 32, 2, 4, 0.09629355370998383, 0.861899733543396
allen-cahn, 20, 32, 2, 5, 0.061216745525598526, 0.9241880774497986
allen-cahn, 20, 64, 2, 1, 0.08620361983776093, 0.9256698489189148
allen-cahn, 20, 64, 2, 2, 0.12482815980911255, 0.9667831659317017
allen-cahn, 20, 64, 2, 3, 0.09421298652887344, 1.0303027629852295
allen-cahn, 20, 64, 2, 4, 0.09682372957468033, 1.1291323900222778
allen-cahn, 20, 64, 2, 5, 0.08184333890676498, 1.0166317224502563
allen-cahn, 20, 2, 3, 1, 0.3351533114910126, 1.2774999141693115
allen-cahn, 20, 2, 3, 2, 0.0066035445779562, 0.7032074332237244
allen-cahn, 20, 2, 3, 3, 0.014755969867110252, 0.5256271362304688
allen-cahn, 20, 2, 3, 4, 0.01484725158661604, 0.5304973125457764
allen-cahn, 20, 2, 3, 5, 0.19644545018672943, 0.8347702026367188
allen-cahn, 20, 4, 3, 1, 0.005171612836420536, 0.587848961353302
allen-cahn, 20, 4, 3, 2, 0.013513898476958275, 0.5197323560714722
allen-cahn, 20, 4, 3, 3, 0.12138133496046066, 0.7767874598503113
allen-cahn, 20, 4, 3, 4, 0.008919963613152504, 0.6762903928756714
allen-cahn, 20, 4, 3, 5, 0.09770923852920532, 0.7127736210823059
allen-cahn, 20, 8, 3, 1, 1.2484710216522217, 0.9289680123329163
allen-cahn, 20, 8, 3, 2, 0.9650290012359619, 0.9230642318725586
allen-cahn, 20, 8, 3, 3, 0.11406629532575607, 0.6297143697738647
allen-cahn, 20, 8, 3, 4, 1.507523775100708, 0.9587121605873108
allen-cahn, 20, 8, 3, 5, 0.5447156429290771, 0.9458023905754089
allen-cahn, 20, 16, 3, 1, 1.2893013954162598, 1.2043068408966064
allen-cahn, 20, 16, 3, 2, 1.030760407447815, 1.0477250814437866
allen-cahn, 20, 16, 3, 3, 2.043179512023926, 1.044559359550476
allen-cahn, 20, 16, 3, 4, 1.3516689538955688, 0.9822893142700195
allen-cahn, 20, 16, 3, 5, 1.3359733819961548, 1.1844595670700073
allen-cahn, 20, 32, 3, 1, 0.5534105896949768, 1.1085768938064575
allen-cahn, 20, 32, 3, 2, 1.0992131233215332, 1.184670090675354
allen-cahn, 20, 32, 3, 3, 0.5864815711975098, 1.1374149322509766
allen-cahn, 20, 32, 3, 4, 0.4337822198867798, 0.9986677169799805
allen-cahn, 20, 32, 3, 5, 0.9652389883995056, 1.1402390003204346
allen-cahn, 20, 64, 3, 1, 0.8143187165260315, 1.1106188297271729
allen-cahn, 20, 64, 3, 2, 0.8674554824829102, 1.1485326290130615
allen-cahn, 20, 64, 3, 3, 0.7102009654045105, 1.1593507528305054
allen-cahn, 20, 64, 3, 4, 0.8223189115524292, 1.1564724445343018
allen-cahn, 20, 64, 3, 5, 0.7279348373413086, 1.0832419395446777
allen-cahn, 20, 2, 4, 1, 1.316037893295288, 0.9329774379730225
allen-cahn, 20, 2, 4, 2, 0.014202679507434368, 0.5289990901947021
allen-cahn, 20, 2, 4, 3, 0.024268709123134613, 0.8222433924674988
allen-cahn, 20, 2, 4, 4, 0.12528373301029205, 0.7628012895584106
allen-cahn, 20, 2, 4, 5, 0.09490740299224854, 0.8705594539642334
allen-cahn, 20, 4, 4, 1, 0.08512738347053528, 1.124436855316162
allen-cahn, 20, 4, 4, 2, 0.5187283754348755, 0.8310196995735168
allen-cahn, 20, 4, 4, 3, 0.350880891084671, 0.7760518789291382
allen-cahn, 20, 4, 4, 4, 0.060136567801237106, 0.7667584419250488
allen-cahn, 20, 4, 4, 5, 0.7928921580314636, 0.9405394196510315
allen-cahn, 20, 8, 4, 1, 3.381230354309082, 0.9759026169776917
allen-cahn, 20, 8, 4, 2, 2.914602518081665, 1.3452450037002563
allen-cahn, 20, 8, 4, 3, 16.905765533447266, 1.3986008167266846
allen-cahn, 20, 8, 4, 4, 12.504663467407227, 1.282552719116211
allen-cahn, 20, 8, 4, 5, 16.779335021972656, 1.3792976140975952
allen-cahn, 20, 16, 4, 1, 3.6019139289855957, 1.1301586627960205
allen-cahn, 20, 16, 4, 2, 6.907710552215576, 1.099195957183838
allen-cahn, 20, 16, 4, 3, 6.284451007843018, 1.0980056524276733
allen-cahn, 20, 16, 4, 4, 6.252538681030273, 1.0805882215499878
allen-cahn, 20, 16, 4, 5, 5.699635982513428, 1.1114505529403687
allen-cahn, 20, 32, 4, 1, 10.283792495727539, 1.0955215692520142
allen-cahn, 20, 32, 4, 2, 9.010485649108887, 1.0855704545974731
allen-cahn, 20, 32, 4, 3, 10.791725158691406, 1.1118977069854736
allen-cahn, 20, 32, 4, 4, 10.66644287109375, 1.0719398260116577
allen-cahn, 20, 32, 4, 5, 12.748632431030273, 1.0987778902053833
allen-cahn, 20, 64, 4, 1, 157.1139373779297, 1.1115950345993042
allen-cahn, 20, 64, 4, 2, 294.4803771972656, 0.9737440943717957
allen-cahn, 20, 64, 4, 3, 98.3016357421875, 1.103114128112793
allen-cahn, 20, 64, 4, 4, 121.30104064941406, 1.1390807628631592
allen-cahn, 20, 64, 4, 5, 19.760913848876953, 1.1345717906951904
burgers, 5, 2, 1, 1, 2.1521310806274414, 0.4749069809913635
burgers, 5, 2, 1, 2, 2.182471513748169, 0.48723649978637695
burgers, 5, 2, 1, 3, 2.158372402191162, 0.41989341378211975
burgers, 5, 2, 1, 4, 2.646986722946167, 0.4912644624710083
burgers, 5, 2, 1, 5, 2.082091808319092, 0.4799273908138275
burgers, 5, 4, 1, 1, 0.3650124669075012, 0.22335121035575867
burgers, 5, 4, 1, 2, 0.6416637897491455, 0.2754964530467987
burgers, 5, 4, 1, 3, 0.3556247353553772, 0.23749180138111115
burgers, 5, 4, 1, 4, 0.6165924668312073, 0.38653600215911865
burgers, 5, 4, 1, 5, 0.17292648553848267, 0.15985077619552612
burgers, 5, 8, 1, 1, 0.5667886734008789, 0.27933230996131897
burgers, 5, 8, 1, 2, 0.17063747346401215, 0.17792372405529022
burgers, 5, 8, 1, 3, 0.16234514117240906, 0.17813467979431152
burgers, 5, 8, 1, 4, 0.10467417538166046, 0.15392231941223145
burgers, 5, 8, 1, 5, 0.388810932636261, 0.3605586588382721
burgers, 5, 16, 1, 1, 0.08810485899448395, 0.15595674514770508
burgers, 5, 16, 1, 2, 0.19310569763183594, 0.36563268303871155
burgers, 5, 16, 1, 3, 0.6305248737335205, 0.27724847197532654
burgers, 5, 16, 1, 4, 0.08046124875545502, 0.1551039069890976
burgers, 5, 16, 1, 5, 0.5845521688461304, 0.28610751032829285
burgers, 5, 32, 1, 1, 0.24678142368793488, 0.20140810310840607
burgers, 5, 32, 1, 2, 0.17365576326847076, 0.1923552304506302
burgers, 5, 32, 1, 3, 1.84229576587677, 0.4032263159751892
burgers, 5, 32, 1, 4, 0.25688353180885315, 0.2164548933506012
burgers, 5, 32, 1, 5, 0.18585649132728577, 0.1838846057653427
burgers, 5, 64, 1, 1, 0.619148313999176, 0.38620027899742126
burgers, 5, 64, 1, 2, 0.141556978225708, 0.1745569407939911
burgers, 5, 64, 1, 3, 0.1429467648267746, 0.1791609227657318
burgers, 5, 64, 1, 4, 0.102922223508358, 0.32599931955337524
burgers, 5, 64, 1, 5, 0.10835287719964981, 0.3319483995437622
burgers, 5, 2, 2, 1, 0.8827294111251831, 0.27006813883781433
burgers, 5, 2, 2, 2, 0.5046427845954895, 0.3439827561378479
burgers, 5, 2, 2, 3, 0.5581701993942261, 0.21977996826171875
burgers, 5, 2, 2, 4, 0.6763643026351929, 0.35516801476478577
burgers, 5, 2, 2, 5, 0.7032192349433899, 0.2656596899032593
burgers, 5, 4, 2, 1, 0.1041020080447197, 0.14950746297836304
burgers, 5, 4, 2, 2, 0.08200191706418991, 0.15080219507217407
burgers, 5, 4, 2, 3, 0.12999264895915985, 0.32974496483802795
burgers, 5, 4, 2, 4, 0.05303877592086792, 0.14839541912078857
burgers, 5, 4, 2, 5, 0.04799404740333557, 0.14561119675636292
burgers, 5, 8, 2, 1, 0.03144250810146332, 0.14358605444431305
burgers, 5, 8, 2, 2, 0.13544775545597076, 0.1465703696012497
burgers, 5, 8, 2, 3, 0.046824097633361816, 0.14238734543323517
burgers, 5, 8, 2, 4, 0.0632198378443718, 0.14228981733322144
burgers, 5, 8, 2, 5, 0.08568137884140015, 0.13790589570999146
burgers, 5, 16, 2, 1, 0.0275966115295887, 0.13962475955486298
burgers, 5, 16, 2, 2, 0.02089257910847664, 0.14102108776569366
burgers, 5, 16, 2, 3, 0.05112551152706146, 0.16711899638175964
burgers, 5, 16, 2, 4, 0.021075285971164703, 0.14009520411491394
burgers, 5, 16, 2, 5, 0.033181384205818176, 0.1450648009777069
burgers, 5, 32, 2, 1, 0.09559404850006104, 0.322566419839859
burgers, 5, 32, 2, 2, 0.03189656883478165, 0.143110454082489
burgers, 5, 32, 2, 3, 0.033621788024902344, 0.14387910068035126
burgers, 5, 32, 2, 4, 0.027802184224128723, 0.1416592001914978
burgers, 5, 32, 2, 5, 0.11736635118722916, 0.3241773247718811
burgers, 5, 64, 2, 1, 0.0941910520195961, 0.15389840304851532
burgers, 5, 64, 2, 2, 0.09534435719251633, 0.15337729454040527
burgers, 5, 64, 2, 3, 0.04622446373105049, 0.13935568928718567
burgers, 5, 64, 2, 4, 0.17079779505729675, 0.3176895081996918
burgers, 5, 64, 2, 5, 0.0964912474155426, 0.5455694794654846
burgers, 5, 2, 3, 1, 0.650280237197876, 0.23663264513015747
burgers, 5, 2, 3, 2, 0.21362411975860596, 0.3278539776802063
burgers, 5, 2, 3, 3, 0.16992202401161194, 0.17310945689678192
burgers, 5, 2, 3, 4, 0.3978670835494995, 0.3731193244457245
burgers, 5, 2, 3, 5, 0.45185643434524536, 0.2301124632358551
burgers, 5, 4, 3, 1, 0.08393922448158264, 0.15385767817497253
burgers, 5, 4, 3, 2, 0.06657333672046661, 0.15723897516727448
burgers, 5, 4, 3, 3, 0.10150143504142761, 0.14349299669265747
burgers, 5, 4, 3, 4, 0.11208437383174896, 0.3266426920890808
burgers, 5, 4, 3, 5, 0.036194875836372375, 0.14399206638336182
burgers, 5, 8, 3, 1, 0.04199250787496567, 0.16979144513607025
burgers, 5, 8, 3, 2, 0.027666911482810974, 0.13643717765808105
burgers, 5, 8, 3, 3, 0.10147430747747421, 0.33685871958732605
burgers, 5, 8, 3, 4, 0.058342114090919495, 0.2981528639793396
burgers, 5, 8, 3, 5, 0.009024727158248425, 0.13500353693962097
burgers, 5, 16, 3, 1, 0.03316430002450943, 0.28781458735466003
burgers, 5, 16, 3, 2, 0.007465415634214878, 0.1481926292181015
burgers, 5, 16, 3, 3, 0.02736501768231392, 0.11796196550130844
burgers, 5, 16, 3, 4, 0.28542691469192505, 0.43461450934410095
burgers, 5, 16, 3, 5, 0.16863076388835907, 0.3276619017124176
burgers, 5, 32, 3, 1, 0.0031531015411019325, 0.2791457176208496
burgers, 5, 32, 3, 2, 0.001342289848253131, 0.13652010262012482
burgers, 5, 32, 3, 3, 0.2005646526813507, 0.40973228216171265
burgers, 5, 32, 3, 4, 0.38856619596481323, 0.45412302017211914
burgers, 5, 32, 3, 5, 0.029476076364517212, 0.17366844415664673
burgers, 5, 64, 3, 1, 0.09288648515939713, 0.12247268110513687
burgers, 5, 64, 3, 2, 0.750023365020752, 0.3826065957546234
burgers, 5, 64, 3, 3, 0.0037464930210262537, 0.37132900953292847
burgers, 5, 64, 3, 4, 0.0012168087996542454, 0.1358821988105774
burgers, 5, 64, 3, 5, 1.094530463218689, 0.41044554114341736
burgers, 5, 2, 4, 1, 0.1752510368824005, 0.32241469621658325
burgers, 5, 2, 4, 2, 0.2429620623588562, 0.3263123333454132
burgers, 5, 2, 4, 3, 0.2860722839832306, 0.18555313348770142
burgers, 5, 2, 4, 4, 0.4032350182533264, 0.1880599856376648
burgers, 5, 2, 4, 5, 0.6144711375236511, 0.3988381624221802
burgers, 5, 4, 4, 1, 0.00368679640814662, 0.03756598010659218
burgers, 5, 4, 4, 2, 0.004235222935676575, 0.07022632658481598
burgers, 5, 4, 4, 3, 0.031044337898492813, 0.1446516066789627
burgers, 5, 4, 4, 4, 0.01079226192086935, 0.06687731295824051
burgers, 5, 4, 4, 5, 0.023979846388101578, 0.1580183058977127
burgers, 5, 8, 4, 1, 0.42301279306411743, 0.45001429319381714
burgers, 5, 8, 4, 2, 0.029627777636051178, 0.3764946162700653
burgers, 5, 8, 4, 3, 0.15138748288154602, 0.486764520406723
burgers, 5, 8, 4, 4, 0.1749042570590973, 0.18852141499519348
burgers, 5, 8, 4, 5, 0.013294357806444168, 0.5477583408355713
burgers, 5, 16, 4, 1, 0.013641600497066975, 0.3715871572494507
burgers, 5, 16, 4, 2, 0.030575891956686974, 0.35237401723861694
burgers, 5, 16, 4, 3, 0.0016700982814654708, 0.3771006762981415
burgers, 5, 16, 4, 4, 0.026265956461429596, 0.09588661789894104
burgers, 5, 16, 4, 5, 0.012270579114556313, 0.2939741611480713
burgers, 5, 32, 4, 1, 0.012807106599211693, 0.29538431763648987
burgers, 5, 32, 4, 2, 0.0006813326035626233, 0.16586525738239288
burgers, 5, 32, 4, 3, 0.030816983431577682, 0.4141835570335388
burgers, 5, 32, 4, 4, 0.0014555894304066896, 0.25638189911842346
burgers, 5, 32, 4, 5, 1.1191504001617432, 0.424960196018219
burgers, 5, 64, 4, 1, 0.6004457473754883, 0.3780348002910614
burgers, 5, 64, 4, 2, 0.8585445880889893, 0.37185487151145935
burgers, 5, 64, 4, 3, 1.671710729598999, 0.5415424108505249
burgers, 5, 64, 4, 4, 1.029278039932251, 0.4933098256587982
burgers, 5, 64, 4, 5, 0.9469627141952515, 0.3593676686286926
burgers, 10, 2, 1, 1, 0.9923009872436523, 0.37647947669029236
burgers, 10, 2, 1, 2, 1.386582612991333, 0.39873966574668884
burgers, 10, 2, 1, 3, 1.7322871685028076, 0.4060688316822052
burgers, 10, 2, 1, 4, 1.0473732948303223, 0.4073052406311035
burgers, 10, 2, 1, 5, 0.4921347498893738, 0.26941388845443726
burgers, 10, 4, 1, 1, 0.17746633291244507, 0.32822394371032715
burgers, 10, 4, 1, 2, 0.06386597454547882, 0.1500416398048401
burgers, 10, 4, 1, 3, 0.06679107993841171, 0.15080974996089935
burgers, 10, 4, 1, 4, 0.16672100126743317, 0.32744738459587097
burgers, 10, 4, 1, 5, 0.25310078263282776, 0.17565177381038666
burgers, 10, 8, 1, 1, 0.07545705139636993, 0.1643945276737213
burgers, 10, 8, 1, 2, 0.05684499070048332, 0.1478899121284485
burgers, 10, 8, 1, 3, 0.04392622411251068, 0.1467282474040985
burgers, 10, 8, 1, 4, 0.07618187367916107, 0.15553219616413116
burgers, 10, 8, 1, 5, 0.10024307668209076, 0.32680612802505493
burgers, 10, 16, 1, 1, 0.05529521405696869, 0.3302481174468994
burgers, 10, 16, 1, 2, 0.013417690992355347, 0.14034295082092285
burgers, 10, 16, 1, 3, 0.07631170749664307, 0.3352748155593872
burgers, 10, 16, 1, 4, 0.03614022582769394, 0.32713547348976135
burgers, 10, 16, 1, 5, 0.013393605127930641, 0.1427256166934967
burgers, 10, 32, 1, 1, 0.011447804048657417, 0.13902798295021057
burgers, 10, 32, 1, 2, 0.010460037738084793, 0.14093855023384094
burgers, 10, 32, 1, 3, 0.019262341782450676, 0.14438703656196594
burgers, 10, 32, 1, 4, 0.05340823903679848, 0.3307933509349823
burgers, 10, 32, 1, 5, 0.03467724844813347, 0.32251325249671936
burgers, 10, 64, 1, 1, 0.10001114010810852, 0.33005377650260925
burgers, 10, 64, 1, 2, 0.07966601848602295, 0.14255063235759735
burgers, 10, 64, 1, 3, 0.03878562152385712, 0.14862343668937683
burgers, 10, 64, 1, 4, 0.03663095831871033, 0.15308713912963867
burgers, 10, 64, 1, 5, 0.02470400556921959, 0.1436053067445755
burgers, 10, 2, 2, 1, 0.4719645380973816, 0.3028205931186676
burgers, 10, 2, 2, 2, 0.40616023540496826, 0.21989043056964874
burgers, 10, 2, 2, 3, 0.4459223747253418, 0.33644866943359375
burgers, 10, 2, 2, 4, 0.26119542121887207, 0.19025692343711853
burgers, 10, 2, 2, 5, 0.23040202260017395, 0.3366301655769348
burgers, 10, 4, 2, 1, 0.027106426656246185, 0.31520771980285645
burgers, 10, 4, 2, 2, 0.037468552589416504, 0.420295387506485
burgers, 10, 4, 2, 3, 0.1026519387960434, 0.3258744478225708
burgers, 10, 4, 2, 4, 0.01858910173177719, 0.31939294934272766
burgers, 10, 4, 2, 5, 0.06540294736623764, 0.32400214672088623
burgers, 10, 8, 2, 1, 0.018149040639400482, 0.1334148794412613
burgers, 10, 8, 2, 2, 0.029424084350466728, 0.32624563574790955
burgers, 10, 8, 2, 3, 0.009870344772934914, 0.13336843252182007
burgers, 10, 8, 2, 4, 0.01842503994703293, 0.14324231445789337
burgers, 10, 8, 2, 5, 0.005772875621914864, 0.32380425930023193
burgers, 10, 16, 2, 1, 0.10743144154548645, 0.3287718594074249
burgers, 10, 16, 2, 2, 0.017574816942214966, 0.13683755695819855
burgers, 10, 16, 2, 3, 0.027806993573904037, 0.14138266444206238
burgers, 10, 16, 2, 4, 0.021566247567534447, 0.13574175536632538
burgers, 10, 16, 2, 5, 0.021001532673835754, 0.2411515712738037
burgers, 10, 32, 2, 1, 0.10282047837972641, 0.15270037949085236
burgers, 10, 32, 2, 2, 0.006580598186701536, 0.1624765843153
burgers, 10, 32, 2, 3, 0.011663876473903656, 0.13616736233234406
burgers, 10, 32, 2, 4, 0.01810700073838234, 0.12847279012203217
burgers, 10, 32, 2, 5, 0.15221157670021057, 0.5006793737411499
burgers, 10, 64, 2, 1, 0.009847119450569153, 0.16513481736183167
burgers, 10, 64, 2, 2, 0.008622916415333748, 0.4086803197860718
burgers, 10, 64, 2, 3, 0.011524461209774017, 0.25653332471847534
burgers, 10, 64, 2, 4, 0.006718725897371769, 0.4146447777748108
burgers, 10, 64, 2, 5, 0.01683519408106804, 0.16811683773994446
burgers, 10, 2, 3, 1, 0.2566448450088501, 0.3295823037624359
burgers, 10, 2, 3, 2, 0.285503089427948, 0.15396417677402496
burgers, 10, 2, 3, 3, 0.039899080991744995, 0.14032921195030212
burgers, 10, 2, 3, 4, 0.08241293579339981, 0.272231787443161
burgers, 10, 2, 3, 5, 0.1640944927930832, 0.32452404499053955
burgers, 10, 4, 3, 1, 0.020460259169340134, 0.14168575406074524
burgers, 10, 4, 3, 2, 0.009912410750985146, 0.41386494040489197
burgers, 10, 4, 3, 3, 0.012950247153639793, 0.1572999209165573
burgers, 10, 4, 3, 4, 0.011546220630407333, 0.15074831247329712
burgers, 10, 4, 3, 5, 0.011616097763180733, 0.425470769405365
burgers, 10, 8, 3, 1, 0.018005551770329475, 0.0830393061041832
burgers, 10, 8, 3, 2, 0.005617470946162939, 0.417695015668869
burgers, 10, 8, 3, 3, 0.0030032515060156584, 0.3818571865558624
burgers, 10, 8, 3, 4, 0.0019043385982513428, 0.24972397089004517
burgers, 10, 8, 3, 5, 0.0058108302764594555, 0.3350890874862671
burgers, 10, 16, 3, 1, 0.02221972867846489, 0.5298888087272644
burgers, 10, 16, 3, 2, 0.0038923893589526415, 0.3873435854911804
burgers, 10, 16, 3, 3, 0.0016423624474555254, 0.41373440623283386
burgers, 10, 16, 3, 4, 0.00949130579829216, 0.25388291478157043
burgers, 10, 16, 3, 5, 0.09447672218084335, 0.31546100974082947
burgers, 10, 32, 3, 1, 0.7133313417434692, 0.4383671283721924
burgers, 10, 32, 3, 2, 0.3717948794364929, 0.41345950961112976
burgers, 10, 32, 3, 3, 0.6258482933044434, 0.38641679286956787
burgers, 10, 32, 3, 4, 0.11062376946210861, 0.4368474781513214
burgers, 10, 32, 3, 5, 0.0043257614597678185, 0.22705024480819702
burgers, 10, 64, 3, 1, 0.029475582763552666, 0.39916980266571045
burgers, 10, 64, 3, 2, 0.018017182126641273, 0.4770882725715637
burgers, 10, 64, 3, 3, 0.02399125136435032, 0.5275880098342896
burgers, 10, 64, 3, 4, 0.03521318733692169, 0.5339595675468445
burgers, 10, 64, 3, 5, 0.09541822224855423, 0.5081559419631958
burgers, 10, 2, 4, 1, 0.12704509496688843, 0.11459872126579285
burgers, 10, 2, 4, 2, 0.3369326889514923, 0.3092409074306488
burgers, 10, 2, 4, 3, 0.03225325793027878, 0.2629553973674774
burgers, 10, 2, 4, 4, 0.2740838825702667, 0.19566182792186737
burgers, 10, 2, 4, 5, 0.05694705247879028, 0.13145671784877777
burgers, 10, 4, 4, 1, 0.11686065793037415, 0.23507802188396454
burgers, 10, 4, 4, 2, 0.0037810178473591805, 0.33636975288391113
burgers, 10, 4, 4, 3, 0.2948640286922455, 0.4638046324253082
burgers, 10, 4, 4, 4, 0.0015369984321296215, 0.0664510577917099
burgers, 10, 4, 4, 5, 0.005746541544795036, 0.3467695116996765
burgers, 10, 8, 4, 1, 0.017276370897889137, 0.13585999608039856
burgers, 10, 8, 4, 2, 0.0018219350604340434, 0.2745652496814728
burgers, 10, 8, 4, 3, 0.07688353955745697, 0.5085302591323853
burgers, 10, 8, 4, 4, 0.0054840524680912495, 0.15513648092746735
burgers, 10, 8, 4, 5, 0.012866917997598648, 0.1829228550195694
burgers, 10, 16, 4, 1, 0.1645539104938507, 0.32024696469306946
burgers, 10, 16, 4, 2, 0.0018286729464307427, 0.1369076371192932
burgers, 10, 16, 4, 3, 0.47172945737838745, 0.30677568912506104
burgers, 10, 16, 4, 4, 0.011455563828349113, 0.31330573558807373
burgers, 10, 16, 4, 5, 0.0038942606188356876, 0.2897089421749115
burgers, 10, 32, 4, 1, 0.013789273798465729, 0.4459349513053894
burgers, 10, 32, 4, 2, 0.009766506031155586, 0.33835119009017944
burgers, 10, 32, 4, 3, 0.056004371494054794, 0.6481714248657227
burgers, 10, 32, 4, 4, 0.03700990974903107, 0.6377808451652527
burgers, 10, 32, 4, 5, 0.04607639089226723, 0.6039636135101318
burgers, 10, 64, 4, 1, 0.20872557163238525, 0.9362335801124573
burgers, 10, 64, 4, 2, 0.1204497292637825, 0.8915718197822571
burgers, 10, 64, 4, 3, 0.4684765636920929, 0.9142655730247498
burgers, 10, 64, 4, 4, 0.06174221262335777, 0.8912086486816406
burgers, 10, 64, 4, 5, 0.27031761407852173, 0.9232200980186462
burgers, 20, 2, 1, 1, 0.5360085368156433, 0.3241925537586212
burgers, 20, 2, 1, 2, 0.7152079343795776, 0.3703981339931488
burgers, 20, 2, 1, 3, 0.6086747646331787, 0.2374989539384842
burgers, 20, 2, 1, 4, 0.644919753074646, 0.4269922077655792
burgers, 20, 2, 1, 5, 0.47892454266548157, 0.23466207087039948
burgers, 20, 4, 1, 1, 0.08708144724369049, 0.3248315751552582
burgers, 20, 4, 1, 2, 0.048866577446460724, 0.16436712443828583
burgers, 20, 4, 1, 3, 0.108676016330719, 0.32283303141593933
burgers, 20, 4, 1, 4, 0.09799569100141525, 0.3140188455581665
burgers, 20, 4, 1, 5, 0.19234313070774078, 0.17085133492946625
burgers, 20, 8, 1, 1, 0.006596495397388935, 0.3147313594818115
burgers, 20, 8, 1, 2, 0.013744797557592392, 0.14117412269115448
burgers, 20, 8, 1, 3, 0.007790629286319017, 0.18226809799671173
burgers, 20, 8, 1, 4, 0.05983983725309372, 0.3334513306617737
burgers, 20, 8, 1, 5, 0.012720847502350807, 0.31608065962791443
burgers, 20, 16, 1, 1, 0.0022156089544296265, 0.14368586242198944
burgers, 20, 16, 1, 2, 0.00462337676435709, 0.3204217851161957
burgers, 20, 16, 1, 3, 0.0024568303488194942, 0.3262295126914978
burgers, 20, 16, 1, 4, 0.0034168416168540716, 0.4434432089328766
burgers, 20, 16, 1, 5, 0.011156603693962097, 0.13965409994125366
burgers, 20, 32, 1, 1, 0.0014357645995914936, 0.1368934065103531
burgers, 20, 32, 1, 2, 0.0025888183154165745, 0.13891635835170746
burgers, 20, 32, 1, 3, 0.0025570779107511044, 0.4450604021549225
burgers, 20, 32, 1, 4, 0.00463461596518755, 0.13946343958377838
burgers, 20, 32, 1, 5, 0.002237016800791025, 0.13941040635108948
burgers, 20, 64, 1, 1, 0.02712186798453331, 0.137234166264534
burgers, 20, 64, 1, 2, 0.002336887177079916, 0.4319505989551544
burgers, 20, 64, 1, 3, 0.016856327652931213, 0.4644947350025177
burgers, 20, 64, 1, 4, 0.03668283298611641, 0.13420288264751434
burgers, 20, 64, 1, 5, 0.009812211617827415, 0.13969086110591888
burgers, 20, 2, 2, 1, 0.2058781087398529, 0.26452603936195374
burgers, 20, 2, 2, 2, 0.18480056524276733, 0.5499247908592224
burgers, 20, 2, 2, 3, 0.19150185585021973, 0.3623397648334503
burgers, 20, 2, 2, 4, 0.28201931715011597, 0.4730093479156494
burgers, 20, 2, 2, 5, 0.1891215443611145, 0.4256017804145813
burgers, 20, 4, 2, 1, 0.0039541274309158325, 0.12507396936416626
burgers, 20, 4, 2, 2, 0.0061600469052791595, 0.206776961684227
burgers, 20, 4, 2, 3, 0.005241738632321358, 0.31556808948516846
burgers, 20, 4, 2, 4, 0.038156814873218536, 0.31976622343063354
burgers, 20, 4, 2, 5, 0.006496015004813671, 0.33462443947792053
burgers, 20, 8, 2, 1, 0.011691270396113396, 0.32492029666900635
burgers, 20, 8, 2, 2, 0.0016590271843597293, 0.15638293325901031
burgers, 20, 8, 2, 3, 0.007430218160152435, 0.4119891822338104
burgers, 20, 8, 2, 4, 0.003092648461461067, 0.445028692483902
burgers, 20, 8, 2, 5, 0.003531097900122404, 0.1337718516588211
burgers, 20, 16, 2, 1, 0.006020271684974432, 0.3275640308856964
burgers, 20, 16, 2, 2, 0.004054701887071133, 0.44447028636932373
burgers, 20, 16, 2, 3, 0.004287742078304291, 0.3138929605484009
burgers, 20, 16, 2, 4, 0.004495272412896156, 0.3375902473926544
burgers, 20, 16, 2, 5, 0.008985387161374092, 0.3370475172996521
burgers, 20, 32, 2, 1, 0.04848596081137657, 0.8503175973892212
burgers, 20, 32, 2, 2, 0.12497889250516891, 0.8190658688545227
burgers, 20, 32, 2, 3, 0.22225350141525269, 0.8942239284515381
burgers, 20, 32, 2, 4, 0.08931837975978851, 0.8283550143241882
burgers, 20, 32, 2, 5, 0.14369909465312958, 0.9036823511123657
burgers, 20, 64, 2, 1, 0.14912980794906616, 0.9280707836151123
burgers, 20, 64, 2, 2, 0.09170744568109512, 0.9224371910095215
burgers, 20, 64, 2, 3, 0.11322563141584396, 0.9671599268913269
burgers, 20, 64, 2, 4, 0.09969347715377808, 1.0019848346710205
burgers, 20, 64, 2, 5, 0.1385325938463211, 1.015929937362671
burgers, 20, 2, 3, 1, 0.15002262592315674, 0.5600101351737976
burgers, 20, 2, 3, 2, 0.0712122991681099, 0.5487326383590698
burgers, 20, 2, 3, 3, 0.08241982758045197, 0.43465349078178406
burgers, 20, 2, 3, 4, 0.22248345613479614, 0.3140610456466675
burgers, 20, 2, 3, 5, 0.1994762122631073, 0.21866171061992645
burgers, 20, 4, 3, 1, 0.005952510517090559, 0.39279043674468994
burgers, 20, 4, 3, 2, 0.015309972688555717, 0.5740674138069153
burgers, 20, 4, 3, 3, 0.003240178572013974, 0.11119668930768967
burgers, 20, 4, 3, 4, 0.005118150729686022, 0.3088738024234772
burgers, 20, 4, 3, 5, 0.01208505779504776, 0.35689210891723633
burgers, 20, 8, 3, 1, 0.48065587878227234, 0.538684070110321
burgers, 20, 8, 3, 2, 0.09850269556045532, 0.5656556487083435
burgers, 20, 8, 3, 3, 0.03349655494093895, 0.4963168501853943
burgers, 20, 8, 3, 4, 0.639824628829956, 0.6914287209510803
burgers, 20, 8, 3, 5, 0.05805584415793419, 0.367097407579422
burgers, 20, 16, 3, 1, 2.1485297679901123, 0.9566693902015686
burgers, 20, 16, 3, 2, 2.739297866821289, 0.9663077592849731
burgers, 20, 16, 3, 3, 1.593003749847412, 0.9568361043930054
burgers, 20, 16, 3, 4, 1.785480260848999, 0.8503815531730652
burgers, 20, 16, 3, 5, 3.020383358001709, 1.0492559671401978
burgers, 20, 32, 3, 1, 3.3183372020721436, 0.970191478729248
burgers, 20, 32, 3, 2, 3.777273654937744, 0.9430204629898071
burgers, 20, 32, 3, 3, 2.8677351474761963, 0.9641621708869934
burgers, 20, 32, 3, 4, 3.1431360244750977, 0.9969993233680725
burgers, 20, 32, 3, 5, 3.881582260131836, 0.9849687218666077
burgers, 20, 64, 3, 1, 44.69721984863281, 1.160583257675171
burgers, 20, 64, 3, 2, 51.03168869018555, 1.1387380361557007
burgers, 20, 64, 3, 3, 34.29861068725586, 1.1658506393432617
burgers, 20, 64, 3, 4, 35.597625732421875, 1.1562449932098389
burgers, 20, 64, 3, 5, 37.18564224243164, 1.214233160018921
burgers, 20, 2, 4, 1, 0.09509539604187012, 0.3220268785953522
burgers, 20, 2, 4, 2, 0.10094491392374039, 0.6023604273796082
burgers, 20, 2, 4, 3, 0.09463410079479218, 0.5383545756340027
burgers, 20, 2, 4, 4, 0.4998098611831665, 0.5114583373069763
burgers, 20, 2, 4, 5, 0.10864636301994324, 0.26033446192741394
burgers, 20, 4, 4, 1, 0.08185233920812607, 0.3905453383922577
burgers, 20, 4, 4, 2, 0.43970829248428345, 0.6053379774093628
burgers, 20, 4, 4, 3, 0.3548195958137512, 0.42997047305107117
burgers, 20, 4, 4, 4, 0.02714505046606064, 0.24118153750896454
burgers, 20, 4, 4, 5, 0.3185713291168213, 0.4594660997390747
burgers, 20, 8, 4, 1, 11.369020462036133, 1.0000165700912476
burgers, 20, 8, 4, 2, 10.015104293823242, 0.9955422878265381
burgers, 20, 8, 4, 3, 7.086146354675293, 0.9966790676116943
burgers, 20, 8, 4, 4, 11.981825828552246, 0.9991704225540161
burgers, 20, 8, 4, 5, 8.663217544555664, 0.9990135431289673
burgers, 20, 16, 4, 1, 13.012075424194336, 1.0054317712783813
burgers, 20, 16, 4, 2, 13.139925956726074, 1.0050170421600342
burgers, 20, 16, 4, 3, 14.082391738891602, 1.0014361143112183
burgers, 20, 16, 4, 4, 15.274880409240723, 1.0108307600021362
burgers, 20, 16, 4, 5, 11.740259170532227, 1.0050746202468872
burgers, 20, 32, 4, 1, 585.4961547851562, 1.0615192651748657
burgers, 20, 32, 4, 2, 924.892578125, 1.0684874057769775
burgers, 20, 32, 4, 3, 729.7415161132812, 1.0657764673233032
burgers, 20, 32, 4, 4, 674.6555786132812, 1.060971736907959
burgers, 20, 32, 4, 5, 702.9473876953125, 1.0481493473052979
burgers, 20, 64, 4, 1, 54905.515625, 1.2041285037994385
burgers, 20, 64, 4, 2, 46636.8515625, 1.1379716396331787
burgers, 20, 64, 4, 3, 52940.84765625, 1.1349983215332031
burgers, 20, 64, 4, 4, 49612.01953125, 1.2061710357666016
burgers, 20, 64, 4, 5, 43096.203125, 1.108234167098999
helmholtz, 5, 2, 1, 1, 23908.216796875, 0.9402005672454834
helmholtz, 5, 2, 1, 2, 18741.248046875, 2.727623224258423
helmholtz, 5, 2, 1, 3, 24786.67578125, 1.4039747714996338
helmholtz, 5, 2, 1, 4, 21715.189453125, 4.902880668640137
helmholtz, 5, 2, 1, 5, 24019.98828125, 1.2512558698654175
helmholtz, 5, 4, 1, 1, 3296.219482421875, 2.1057727336883545
helmholtz, 5, 4, 1, 2, 720.9928588867188, 0.8101129531860352
helmholtz, 5, 4, 1, 3, 3276.58740234375, 3.137629985809326
helmholtz, 5, 4, 1, 4, 2407.75927734375, 1.3761329650878906
helmholtz, 5, 4, 1, 5, 1241.0333251953125, 2.0092291831970215
helmholtz, 5, 8, 1, 1, 236.87840270996094, 0.6324135661125183
helmholtz, 5, 8, 1, 2, 154.806640625, 0.5656113624572754
helmholtz, 5, 8, 1, 3, 210.65626525878906, 0.4871625304222107
helmholtz, 5, 8, 1, 4, 171.37794494628906, 0.6556681394577026
helmholtz, 5, 8, 1, 5, 271.3770751953125, 0.8900147080421448
helmholtz, 5, 16, 1, 1, 43.17598342895508, 0.12942367792129517
helmholtz, 5, 16, 1, 2, 43.9619026184082, 0.16879424452781677
helmholtz, 5, 16, 1, 3, 37.680030822753906, 0.1194072738289833
helmholtz, 5, 16, 1, 4, 37.44150924682617, 0.15484970808029175
helmholtz, 5, 16, 1, 5, 45.59336471557617, 0.18820661306381226
helmholtz, 5, 32, 1, 1, 11.983510971069336, 0.06436655670404434
helmholtz, 5, 32, 1, 2, 9.17734432220459, 0.035307250916957855
helmholtz, 5, 32, 1, 3, 10.102181434631348, 0.04251407831907272
helmholtz, 5, 32, 1, 4, 12.991558074951172, 0.05300763249397278
helmholtz, 5, 32, 1, 5, 9.815614700317383, 0.04501262307167053
helmholtz, 5, 64, 1, 1, 3.888456344604492, 0.02615097351372242
helmholtz, 5, 64, 1, 2, 4.331204414367676, 0.01595083437860012
helmholtz, 5, 64, 1, 3, 3.764723300933838, 0.018823673948645592
helmholtz, 5, 64, 1, 4, 3.5344510078430176, 0.016276303678750992
helmholtz, 5, 64, 1, 5, 3.9535410404205322, 0.01685188338160515
helmholtz, 5, 2, 2, 1, 10640.478515625, 1.9763212203979492
helmholtz, 5, 2, 2, 2, 12642.0263671875, 1.2402039766311646
helmholtz, 5, 2, 2, 3, 16141.0498046875, 2.183716058731079
helmholtz, 5, 2, 2, 4, 2861.529541015625, 0.6972184777259827
helmholtz, 5, 2, 2, 5, 2618.5830078125, 1.7138015031814575
helmholtz, 5, 4, 2, 1, 115.87479400634766, 0.28012052178382874
helmholtz, 5, 4, 2, 2, 42.70838928222656, 0.2705053389072418
helmholtz, 5, 4, 2, 3, 291.6769104003906, 1.1254242658615112
helmholtz, 5, 4, 2, 4, 114.17941284179688, 0.37392768263816833
helmholtz, 5, 4, 2, 5, 145.5665283203125, 0.426506906747818
helmholtz, 5, 8, 2, 1, 24.918582916259766, 0.1945924460887909
helmholtz, 5, 8, 2, 2, 13.07397747039795, 0.12172853946685791
helmholtz, 5, 8, 2, 3, 20.985689163208008, 0.17177383601665497
helmholtz, 5, 8, 2, 4, 30.961902618408203, 0.17285054922103882
helmholtz, 5, 8, 2, 5, 18.576770782470703, 0.09919329732656479
helmholtz, 5, 16, 2, 1, 12.06064224243164, 0.053298886865377426
helmholtz, 5, 16, 2, 2, 5.267294883728027, 0.046467214822769165
helmholtz, 5, 16, 2, 3, 6.5262322425842285, 0.03584609180688858
helmholtz, 5, 16, 2, 4, 4.994987964630127, 0.04291900619864464
helmholtz, 5, 16, 2, 5, 6.44727087020874, 0.04579613730311394
helmholtz, 5, 32, 2, 1, 2.8175957202911377, 0.026135753840208054
helmholtz, 5, 32, 2, 2, 2.8481693267822266, 0.024077830836176872
helmholtz, 5, 32, 2, 3, 4.020232677459717, 0.02602972649037838
helmholtz, 5, 32, 2, 4, 2.944390296936035, 0.024313753470778465
helmholtz, 5, 32, 2, 5, 3.477789878845215, 0.023439504206180573
helmholtz, 5, 64, 2, 1, 20.172216415405273, 0.04405870661139488
helmholtz, 5, 64, 2, 2, 10.911819458007812, 0.024784937500953674
helmholtz, 5, 64, 2, 3, 1.6192350387573242, 0.016943514347076416
helmholtz, 5, 64, 2, 4, 3.0068514347076416, 0.021475311368703842
helmholtz, 5, 64, 2, 5, 1.9913746118545532, 0.01950133591890335
helmholtz, 5, 2, 3, 1, 1716.20751953125, 1.626020908355713
helmholtz, 5, 2, 3, 2, 5203.607421875, 1.0247533321380615
helmholtz, 5, 2, 3, 3, 18767.154296875, 3.448873996734619
helmholtz, 5, 2, 3, 4, 8014.33935546875, 4.081864356994629
helmholtz, 5, 2, 3, 5, 14741.890625, 3.1824193000793457
helmholtz, 5, 4, 3, 1, 44.928035736083984, 0.25037428736686707
helmholtz, 5, 4, 3, 2, 122.32000732421875, 0.5829252004623413
helmholtz, 5, 4, 3, 3, 107.64671325683594, 0.29075515270233154
helmholtz, 5, 4, 3, 4, 136.21348571777344, 0.6620643734931946
helmholtz, 5, 4, 3, 5, 63.88215255737305, 0.2751652002334595
helmholtz, 5, 8, 3, 1, 22.35645866394043, 0.19465868175029755
helmholtz, 5, 8, 3, 2, 10.108880996704102, 0.08543238788843155
helmholtz, 5, 8, 3, 3, 12.158302307128906, 0.18191233277320862
helmholtz, 5, 8, 3, 4, 14.467636108398438, 0.13163264095783234
helmholtz, 5, 8, 3, 5, 16.23274803161621, 0.10711374133825302
helmholtz, 5, 16, 3, 1, 4.2676873207092285, 0.03172489255666733
helmholtz, 5, 16, 3, 2, 2.799569606781006, 0.03342438489198685
helmholtz, 5, 16, 3, 3, 6.193228244781494, 0.04798434302210808
helmholtz, 5, 16, 3, 4, 8.099268913269043, 0.03923109546303749
helmholtz, 5, 16, 3, 5, 8.168295860290527, 0.06364697217941284
helmholtz, 5, 32, 3, 1, 1.5611793994903564, 0.027974402531981468
helmholtz, 5, 32, 3, 2, 4.98859977722168, 0.02395598031580448
helmholtz, 5, 32, 3, 3, 1.7940019369125366, 0.025162920355796814
helmholtz, 5, 32, 3, 4, 1.4584624767303467, 0.021938126534223557
helmholtz, 5, 32, 3, 5, 48.61156463623047, 0.060071006417274475
helmholtz, 5, 64, 3, 1, 2.278515338897705, 0.03242151439189911
helmholtz, 5, 64, 3, 2, 26.806154251098633, 0.05800747871398926
helmholtz, 5, 64, 3, 3, 1.4496618509292603, 0.02415269799530506
helmholtz, 5, 64, 3, 4, 2.33251690864563, 0.030834119766950607
helmholtz, 5, 64, 3, 5, 1.4404906034469604, 0.03109629452228546
helmholtz, 5, 2, 4, 1, 3318.7470703125, 3.974367141723633
helmholtz, 5, 2, 4, 2, 12294.15625, 2.0845229625701904
helmholtz, 5, 2, 4, 3, 5869.7080078125, 1.148833155632019
helmholtz, 5, 2, 4, 4, 8889.59765625, 1.911899447441101
helmholtz, 5, 2, 4, 5, 15743.0166015625, 3.232269763946533
helmholtz, 5, 4, 4, 1, 60.15144348144531, 0.10834328830242157
helmholtz, 5, 4, 4, 2, 57.114627838134766, 0.26886308193206787
helmholtz, 5, 4, 4, 3, 34.34821701049805, 0.3936912715435028
helmholtz, 5, 4, 4, 4, 36.302303314208984, 0.27525943517684937
helmholtz, 5, 4, 4, 5, 32.38352966308594, 0.23577585816383362
helmholtz, 5, 8, 4, 1, 15.09950065612793, 0.20364423096179962
helmholtz, 5, 8, 4, 2, 14.168411254882812, 0.15722551941871643
helmholtz, 5, 8, 4, 3, 7.046044826507568, 0.052314601838588715
helmholtz, 5, 8, 4, 4, 19.5887393951416, 0.12110812216997147
helmholtz, 5, 8, 4, 5, 13.965417861938477, 0.1465836614370346
helmholtz, 5, 16, 4, 1, 4.04191255569458, 0.03559765964746475
helmholtz, 5, 16, 4, 2, 33.96566390991211, 0.0531882718205452
helmholtz, 5, 16, 4, 3, 2.460958957672119, 0.04420090094208717
helmholtz, 5, 16, 4, 4, 2.4194493293762207, 0.04190519452095032
helmholtz, 5, 16, 4, 5, 2.7295916080474854, 0.04650344327092171
helmholtz, 5, 32, 4, 1, 1.531511902809143, 0.025727752596139908
helmholtz, 5, 32, 4, 2, 0.9107041358947754, 0.03212258964776993
helmholtz, 5, 32, 4, 3, 2.063081741333008, 0.034688517451286316
helmholtz, 5, 32, 4, 4, 7.952830791473389, 0.03604073449969292
helmholtz, 5, 32, 4, 5, 12.572089195251465, 0.055046822875738144
helmholtz, 5, 64, 4, 1, 19.792558670043945, 0.05277564749121666
helmholtz, 5, 64, 4, 2, 0.7233067154884338, 0.034988418221473694
helmholtz, 5, 64, 4, 3, 5.004830837249756, 0.16522812843322754
helmholtz, 5, 64, 4, 4, 7.906755447387695, 0.049023326486349106
helmholtz, 5, 64, 4, 5, 1.079425573348999, 0.02608734928071499
helmholtz, 10, 2, 1, 1, 5307.662109375, 2.3644659519195557
helmholtz, 10, 2, 1, 2, 5946.42236328125, 1.5580462217330933
helmholtz, 10, 2, 1, 3, 11036.0458984375, 2.5725228786468506
helmholtz, 10, 2, 1, 4, 16777.40625, 4.38132905960083
helmholtz, 10, 2, 1, 5, 22459.990234375, 2.8714206218719482
helmholtz, 10, 4, 1, 1, 702.5955200195312, 0.680297315120697
helmholtz, 10, 4, 1, 2, 759.5000610351562, 1.5119948387145996
helmholtz, 10, 4, 1, 3, 482.1752624511719, 1.6666897535324097
helmholtz, 10, 4, 1, 4, 793.8822631835938, 1.1718451976776123
helmholtz, 10, 4, 1, 5, 1420.5394287109375, 1.35915207862854
helmholtz, 10, 8, 1, 1, 34.06153869628906, 0.16097161173820496
helmholtz, 10, 8, 1, 2, 21.66661834716797, 0.11552615463733673
helmholtz, 10, 8, 1, 3, 25.476322174072266, 0.11635459959506989
helmholtz, 10, 8, 1, 4, 40.51956558227539, 0.20325765013694763
helmholtz, 10, 8, 1, 5, 51.84568405151367, 0.33242571353912354
helmholtz, 10, 16, 1, 1, 9.818244934082031, 0.081783726811409
helmholtz, 10, 16, 1, 2, 9.968329429626465, 0.1025683730840683
helmholtz, 10, 16, 1, 3, 14.277902603149414, 0.07823456823825836
helmholtz, 10, 16, 1, 4, 16.09137535095215, 0.10125824809074402
helmholtz, 10, 16, 1, 5, 26.817319869995117, 0.1202707514166832
helmholtz, 10, 32, 1, 1, 3.4408557415008545, 0.049345262348651886
helmholtz, 10, 32, 1, 2, 3.819403648376465, 0.0382007397711277
helmholtz, 10, 32, 1, 3, 3.990821123123169, 0.060331255197525024
helmholtz, 10, 32, 1, 4, 4.4550886154174805, 0.04357069358229637
helmholtz, 10, 32, 1, 5, 5.832241535186768, 0.046368688344955444
helmholtz, 10, 64, 1, 1, 2.6011977195739746, 0.026482775807380676
helmholtz, 10, 64, 1, 2, 1.705302357673645, 0.024304166436195374
helmholtz, 10, 64, 1, 3, 1.5788675546646118, 0.032134655863046646
helmholtz, 10, 64, 1, 4, 1.929621934890747, 0.02083613909780979
helmholtz, 10, 64, 1, 5, 1.676635503768921, 0.02406218647956848
helmholtz, 10, 2, 2, 1, 2703.17138671875, 0.527027428150177
helmholtz, 10, 2, 2, 2, 5139.412109375, 4.950078010559082
helmholtz, 10, 2, 2, 3, 7950.55419921875, 2.120255708694458
helmholtz, 10, 2, 2, 4, 4078.01904296875, 4.139896869659424
helmholtz, 10, 2, 2, 5, 3876.50439453125, 2.9318253993988037
helmholtz, 10, 4, 2, 1, 54.341514587402344, 0.4095439314842224
helmholtz, 10, 4, 2, 2, 119.38416290283203, 0.37146973609924316
helmholtz, 10, 4, 2, 3, 99.17534637451172, 0.4695947468280792
helmholtz, 10, 4, 2, 4, 138.339599609375, 0.7424304485321045
helmholtz, 10, 4, 2, 5, 374.4443054199219, 1.3437048196792603
helmholtz, 10, 8, 2, 1, 17.405567169189453, 0.13391444087028503
helmholtz, 10, 8, 2, 2, 20.737651824951172, 0.17936673760414124
helmholtz, 10, 8, 2, 3, 10.71017837524414, 0.07126467674970627
helmholtz, 10, 8, 2, 4, 23.2929744720459, 0.17608650028705597
helmholtz, 10, 8, 2, 5, 12.525485038757324, 0.08175160735845566
helmholtz, 10, 16, 2, 1, 2.7468366622924805, 0.04531368240714073
helmholtz, 10, 16, 2, 2, 2.599902629852295, 0.036692433059215546
helmholtz, 10, 16, 2, 3, 4.602723598480225, 0.062238406389951706
helmholtz, 10, 16, 2, 4, 3.100043773651123, 0.04788738861680031
helmholtz, 10, 16, 2, 5, 4.282219409942627, 0.03982770815491676
helmholtz, 10, 32, 2, 1, 2.5165085792541504, 0.038295019418001175
helmholtz, 10, 32, 2, 2, 1.9432082176208496, 0.03279248625040054
helmholtz, 10, 32, 2, 3, 2.8055307865142822, 0.03289429843425751
helmholtz, 10, 32, 2, 4, 1.9204704761505127, 0.03889890015125275
helmholtz, 10, 32, 2, 5, 2.590117931365967, 0.03302338719367981
helmholtz, 10, 64, 2, 1, 3.317347288131714, 0.033352069556713104
helmholtz, 10, 64, 2, 2, 4.297151565551758, 0.03527843579649925
helmholtz, 10, 64, 2, 3, 1.1331877708435059, 0.03258060663938522
helmholtz, 10, 64, 2, 4, 3.190568208694458, 0.04141382873058319
helmholtz, 10, 64, 2, 5, 2.4608993530273438, 0.04839907959103584
helmholtz, 10, 2, 3, 1, 5398.35595703125, 1.7005144357681274
helmholtz, 10, 2, 3, 2, 2392.427490234375, 3.5066630840301514
helmholtz, 10, 2, 3, 3, 2185.3408203125, 3.057918071746826
helmholtz, 10, 2, 3, 4, 2052.4423828125, 3.1494550704956055
helmholtz, 10, 2, 3, 5, 2894.762451171875, 4.27377462387085
helmholtz, 10, 4, 3, 1, 36.474639892578125, 0.269308477640152
helmholtz, 10, 4, 3, 2, 48.82444763183594, 0.2418767660856247
helmholtz, 10, 4, 3, 3, 41.93618392944336, 0.3446785807609558
helmholtz, 10, 4, 3, 4, 70.20484924316406, 0.31807270646095276
helmholtz, 10, 4, 3, 5, 145.25404357910156, 0.777313232421875
helmholtz, 10, 8, 3, 1, 6.752567768096924, 0.1216442808508873
helmholtz, 10, 8, 3, 2, 8.413764953613281, 0.108278289437294
helmholtz, 10, 8, 3, 3, 5.601991176605225, 0.08718755096197128
helmholtz, 10, 8, 3, 4, 8.911701202392578, 0.13100393116474152
helmholtz, 10, 8, 3, 5, 9.206391334533691, 0.0868721678853035
helmholtz, 10, 16, 3, 1, 2.9825899600982666, 0.0556848868727684
helmholtz, 10, 16, 3, 2, 1.8515779972076416, 0.054843928664922714
helmholtz, 10, 16, 3, 3, 3.924041748046875, 0.05195217952132225
helmholtz, 10, 16, 3, 4, 3.655872344970703, 0.08434736728668213
helmholtz, 10, 16, 3, 5, 4.019864082336426, 0.05432507395744324
helmholtz, 10, 32, 3, 1, 16.73824691772461, 0.1343592405319214
helmholtz, 10, 32, 3, 2, 9.846589088439941, 0.13425104320049286
helmholtz, 10, 32, 3, 3, 9.322123527526855, 0.15671858191490173
helmholtz, 10, 32, 3, 4, 11.19819450378418, 0.29601165652275085
helmholtz, 10, 32, 3, 5, 8.62485122680664, 0.16217951476573944
helmholtz, 10, 64, 3, 1, 165.31149291992188, 0.8224828839302063
helmholtz, 10, 64, 3, 2, 492.8623046875, 0.870259165763855
helmholtz, 10, 64, 3, 3, 197.94284057617188, 0.769683837890625
helmholtz, 10, 64, 3, 4, 183.1285858154297, 0.8587157130241394
helmholtz, 10, 64, 3, 5, 234.3115234375, 0.7853426933288574
helmholtz, 10, 2, 4, 1, 3796.53759765625, 1.9675242900848389
helmholtz, 10, 2, 4, 2, 1809.560302734375, 4.661466598510742
helmholtz, 10, 2, 4, 3, 2977.44189453125, 1.2725123167037964
helmholtz, 10, 2, 4, 4, 2017.43408203125, 3.2836623191833496
helmholtz, 10, 2, 4, 5, 5383.51416015625, 4.8382391929626465
helmholtz, 10, 4, 4, 1, 41.372711181640625, 0.7605811953544617
helmholtz, 10, 4, 4, 2, 56.4859619140625, 0.35030806064605713
helmholtz, 10, 4, 4, 3, 82.97842407226562, 0.9280259609222412
helmholtz, 10, 4, 4, 4, 112.02458190917969, 0.5657985210418701
helmholtz, 10, 4, 4, 5, 56.32654571533203, 0.505352258682251
helmholtz, 10, 8, 4, 1, 5.995907783508301, 0.09097880870103836
helmholtz, 10, 8, 4, 2, 8.234603881835938, 0.13833914697170258
helmholtz, 10, 8, 4, 3, 6.729636192321777, 0.07589166611433029
helmholtz, 10, 8, 4, 4, 10.25332260131836, 0.1388675421476364
helmholtz, 10, 8, 4, 5, 9.055015563964844, 0.15764456987380981
helmholtz, 10, 16, 4, 1, 5.946585178375244, 0.13854973018169403
helmholtz, 10, 16, 4, 2, 4.086060047149658, 0.12718158960342407
helmholtz, 10, 16, 4, 3, 8.695964813232422, 0.25526246428489685
helmholtz, 10, 16, 4, 4, 18.503904342651367, 0.20070567727088928
helmholtz, 10, 16, 4, 5, 8.614912033081055, 0.16622097790241241
helmholtz, 10, 32, 4, 1, 262.2154846191406, 0.9841219782829285
helmholtz, 10, 32, 4, 2, 786.2860717773438, 0.9583863019943237
helmholtz, 10, 32, 4, 3, 270.7308044433594, 0.9821567535400391
helmholtz, 10, 32, 4, 4, 252.3188018798828, 0.9969974756240845
helmholtz, 10, 32, 4, 5, 280.6080017089844, 0.9630295038223267
helmholtz, 10, 64, 4, 1, 12591.6953125, 1.1091059446334839
helmholtz, 10, 64, 4, 2, 14447.533203125, 1.089627742767334
helmholtz, 10, 64, 4, 3, 11619.33203125, 1.1741853952407837
helmholtz, 10, 64, 4, 4, 13960.48046875, 1.1349655389785767
helmholtz, 10, 64, 4, 5, 26836.72265625, 1.1206964254379272
helmholtz, 20, 2, 1, 1, 781.4959106445312, 1.969522476196289
helmholtz, 20, 2, 1, 2, 2010.8050537109375, 1.5617941617965698
helmholtz, 20, 2, 1, 3, 2940.2294921875, 2.2307965755462646
helmholtz, 20, 2, 1, 4, 3283.499267578125, 4.773241996765137
helmholtz, 20, 2, 1, 5, 901.1053466796875, 1.5894098281860352
helmholtz, 20, 4, 1, 1, 153.86241149902344, 0.6520108580589294
helmholtz, 20, 4, 1, 2, 50.264244079589844, 0.27027639746665955
helmholtz, 20, 4, 1, 3, 212.7469024658203, 0.6365141868591309
helmholtz, 20, 4, 1, 4, 132.80477905273438, 0.7249115109443665
helmholtz, 20, 4, 1, 5, 76.72024536132812, 0.293803334236145
helmholtz, 20, 8, 1, 1, 12.328771591186523, 0.11763795465230942
helmholtz, 20, 8, 1, 2, 14.237452507019043, 0.14898435771465302
helmholtz, 20, 8, 1, 3, 24.94632911682129, 0.15930798649787903
helmholtz, 20, 8, 1, 4, 9.533740997314453, 0.11199019849300385
helmholtz, 20, 8, 1, 5, 26.45259666442871, 0.21929048001766205
helmholtz, 20, 16, 1, 1, 4.527874946594238, 0.08160748332738876
helmholtz, 20, 16, 1, 2, 5.789906024932861, 0.0907549187541008
helmholtz, 20, 16, 1, 3, 4.566460132598877, 0.08722329884767532
helmholtz, 20, 16, 1, 4, 11.256300926208496, 0.17278124392032623
helmholtz, 20, 16, 1, 5, 8.579453468322754, 0.1253359019756317
helmholtz, 20, 32, 1, 1, 3.1086013317108154, 0.07324584573507309
helmholtz, 20, 32, 1, 2, 2.3320398330688477, 0.05654043331742287
helmholtz, 20, 32, 1, 3, 2.177196741104126, 0.08048317581415176
helmholtz, 20, 32, 1, 4, 3.3386902809143066, 0.08006946742534637
helmholtz, 20, 32, 1, 5, 3.071286201477051, 0.07331980019807816
helmholtz, 20, 64, 1, 1, 4.122650146484375, 0.0928981825709343
helmholtz, 20, 64, 1, 2, 2.6411726474761963, 0.06844951212406158
helmholtz, 20, 64, 1, 3, 3.0949277877807617, 0.08630950003862381
helmholtz, 20, 64, 1, 4, 4.682284832000732, 0.07779628038406372
helmholtz, 20, 64, 1, 5, 5.116211891174316, 0.09362059831619263
helmholtz, 20, 2, 2, 1, 1987.921142578125, 3.5654168128967285
helmholtz, 20, 2, 2, 2, 4325.36328125, 3.361541271209717
helmholtz, 20, 2, 2, 3, 2202.98193359375, 2.573376178741455
helmholtz, 20, 2, 2, 4, 1000.6571655273438, 0.6451771855354309
helmholtz, 20, 2, 2, 5, 2403.356201171875, 3.0415821075439453
helmholtz, 20, 4, 2, 1, 35.038360595703125, 0.22337326407432556
helmholtz, 20, 4, 2, 2, 121.94402313232422, 0.335304319858551
helmholtz, 20, 4, 2, 3, 111.06400299072266, 0.5531524419784546
helmholtz, 20, 4, 2, 4, 112.53820037841797, 0.7655013799667358
helmholtz, 20, 4, 2, 5, 60.170928955078125, 0.2552381753921509
helmholtz, 20, 8, 2, 1, 94.17210388183594, 0.8501096367835999
helmholtz, 20, 8, 2, 2, 31.018234252929688, 0.34534162282943726
helmholtz, 20, 8, 2, 3, 52.197532653808594, 0.7098963260650635
helmholtz, 20, 8, 2, 4, 5380.94482421875, 1.07865309715271
helmholtz, 20, 8, 2, 5, 74.83190155029297, 0.5785608291625977
helmholtz, 20, 16, 2, 1, 5070.3701171875, 0.995784342288971
helmholtz, 20, 16, 2, 2, 3060.1787109375, 1.019423484802246
helmholtz, 20, 16, 2, 3, 2988.1220703125, 1.0552421808242798
helmholtz, 20, 16, 2, 4, 3540.149169921875, 1.106624960899353
helmholtz, 20, 16, 2, 5, 3044.036865234375, 1.0599610805511475
helmholtz, 20, 32, 2, 1, 932.2672119140625, 1.0610394477844238
helmholtz, 20, 32, 2, 2, 351.101806640625, 1.1045169830322266
helmholtz, 20, 32, 2, 3, 405.11700439453125, 1.0999882221221924
helmholtz, 20, 32, 2, 4, 1525.6968994140625, 1.121636986732483
helmholtz, 20, 32, 2, 5, 529.6083374023438, 1.0993624925613403
helmholtz, 20, 64, 2, 1, 3246.761962890625, 1.339150309562683
helmholtz, 20, 64, 2, 2, 3811.8525390625, 1.2585433721542358
helmholtz, 20, 64, 2, 3, 3192.215576171875, 1.410070776939392
helmholtz, 20, 64, 2, 4, 4544.48388671875, 1.4005887508392334
helmholtz, 20, 64, 2, 5, 5481.59375, 1.3813847303390503
helmholtz, 20, 2, 3, 1, 5656.1572265625, 2.105308771133423
helmholtz, 20, 2, 3, 2, 82904.7890625, 1.0276457071304321
helmholtz, 20, 2, 3, 3, 69710.890625, 1.1102062463760376
helmholtz, 20, 2, 3, 4, 76581.046875, 1.2828762531280518
helmholtz, 20, 2, 3, 5, 76693.9453125, 1.2339212894439697
helmholtz, 20, 4, 3, 1, 51709.42578125, 1.0627710819244385
helmholtz, 20, 4, 3, 2, 59051.53515625, 1.0003676414489746
helmholtz, 20, 4, 3, 3, 44835.828125, 2.3037445545196533
helmholtz, 20, 4, 3, 4, 45307.16796875, 1.0573948621749878
helmholtz, 20, 4, 3, 5, 54278.14453125, 1.0262280702590942
helmholtz, 20, 8, 3, 1, 39825.08203125, 1.3863450288772583
helmholtz, 20, 8, 3, 2, 28869.447265625, 1.0517033338546753
helmholtz, 20, 8, 3, 3, 29390.546875, 1.0636101961135864
helmholtz, 20, 8, 3, 4, 31361.5234375, 1.0481884479522705
helmholtz, 20, 8, 3, 5, 30207.703125, 1.0256156921386719
helmholtz, 20, 16, 3, 1, 4509.18115234375, 1.0128061771392822
helmholtz, 20, 16, 3, 2, 4742.10693359375, 1.0037994384765625
helmholtz, 20, 16, 3, 3, 4580.92578125, 1.0155969858169556
helmholtz, 20, 16, 3, 4, 2755.60009765625, 1.0035772323608398
helmholtz, 20, 16, 3, 5, 4165.49658203125, 1.011012077331543
helmholtz, 20, 32, 3, 1, 218903.6875, 1.122743844985962
helmholtz, 20, 32, 3, 2, 236761.125, 1.1113723516464233
helmholtz, 20, 32, 3, 3, 192629.265625, 1.115211009979248
helmholtz, 20, 32, 3, 4, 253056.375, 1.1445612907409668
helmholtz, 20, 32, 3, 5, 218392.84375, 1.1663182973861694
helmholtz, 20, 64, 3, 1, 10068137.0, 1.3674205541610718
helmholtz, 20, 64, 3, 2, 9367382.0, 1.3530220985412598
helmholtz, 20, 64, 3, 3, 9048427.0, 1.3810545206069946
helmholtz, 20, 64, 3, 4, 7437018.0, 1.441685438156128
helmholtz, 20, 64, 3, 5, 7395821.5, 1.6113224029541016
helmholtz, 20, 2, 4, 1, 96891.6484375, 0.9977034330368042
helmholtz, 20, 2, 4, 2, 87539.546875, 1.5213944911956787
helmholtz, 20, 2, 4, 3, 101558.9765625, 1.12498939037323
helmholtz, 20, 2, 4, 4, 108022.203125, 1.07280433177948
helmholtz, 20, 2, 4, 5, 86740.203125, 1.1840555667877197
helmholtz, 20, 4, 4, 1, 66440.359375, 1.0788354873657227
helmholtz, 20, 4, 4, 2, 67469.0859375, 1.251152753829956
helmholtz, 20, 4, 4, 3, 66719.3671875, 1.3278157711029053
helmholtz, 20, 4, 4, 4, 61346.55859375, 1.3001372814178467
helmholtz, 20, 4, 4, 5, 68797.6484375, 1.082635760307312
helmholtz, 20, 8, 4, 1, 98121.921875, 1.3727408647537231
helmholtz, 20, 8, 4, 2, 55663.375, 1.0245360136032104
helmholtz, 20, 8, 4, 3, 57366.81640625, 1.3723008632659912
helmholtz, 20, 8, 4, 4, 56984.50390625, 1.0002620220184326
helmholtz, 20, 8, 4, 5, 60578.2265625, 1.025102972984314
helmholtz, 20, 16, 4, 1, 706384.6875, 1.2490779161453247
helmholtz, 20, 16, 4, 2, 1554723.0, 1.1638190746307373
helmholtz, 20, 16, 4, 3, 662733.0625, 1.0154423713684082
helmholtz, 20, 16, 4, 4, 840323.25, 1.0099520683288574
helmholtz, 20, 16, 4, 5, 826180.5, 1.0548683404922485
helmholtz, 20, 32, 4, 1, 165886336.0, 1.176973819732666
helmholtz, 20, 32, 4, 2, 116918032.0, 1.158411979675293
helmholtz, 20, 32, 4, 3, 146451824.0, 1.1116522550582886
helmholtz, 20, 32, 4, 4, 138512352.0, 1.163046956062317
helmholtz, 20, 32, 4, 5, 136273728.0, 1.825073480606079
helmholtz, 20, 64, 4, 1, 12450873344.0, 1.7092784643173218
helmholtz, 20, 64, 4, 2, 11079128064.0, 1.3485263586044312
helmholtz, 20, 64, 4, 3, 1883686144.0, 1.0565896034240723
helmholtz, 20, 64, 4, 4, 12223332352.0, 1.2623811960220337
helmholtz, 20, 64, 4, 5, 14097648640.0, 1.4268121719360352
